
TACHE SPATIALE DIFFICILE FAIBLE GAIN

Coord distracteur bleu 1 [819.0, 411.0, 909.0, 501.0]
Coord distracteur bleu 2 [819.0, 591.0, 909.0, 681.0]
Coord distracteur bleu 3 [729.0, 501.0, 819.0, 591.0]
Coord distracteur rouge 1 [369.0, 501.0, 459.0, 591.0]
Coord distracteur rouge 2 [279.0, 591.0, 369.0, 681.0]

[Coord Cercle 1[Coord Cercle 2[Coord Cercle 3[Coord Cercle 4[Combi[RT
[639.0, 231.0, 729.0, 321.0][549.0, 321.0, 639.0, 411.0][459.0, 411.0, 549.0, 501.0][549.0, 501.0, 639.0, 591.0][Nouvelle combi[3.472876135947274
[639.0, 231.0, 729.0, 321.0][549.0, 321.0, 639.0, 411.0][639.0, 411.0, 729.0, 501.0][729.0, 321.0, 819.0, 411.0][Nouvelle combi[2.058145159205992
[639.0, 231.0, 729.0, 321.0][729.0, 321.0, 819.0, 411.0][639.0, 411.0, 729.0, 501.0][549.0, 321.0, 639.0, 411.0][Combi déjà faite[1.3318674889836188
[639.0, 231.0, 729.0, 321.0][639.0, 411.0, 729.0, 501.0][549.0, 321.0, 639.0, 411.0][549.0, 501.0, 639.0, 591.0][Nouvelle combi[1.3569296119840715
[639.0, 231.0, 729.0, 321.0][549.0, 321.0, 639.0, 411.0][549.0, 501.0, 639.0, 591.0][639.0, 411.0, 729.0, 501.0][Combi déjà faite[2.247591900399698
[639.0, 231.0, 729.0, 321.0][459.0, 411.0, 549.0, 501.0][459.0, 591.0, 549.0, 681.0][549.0, 501.0, 639.0, 591.0][Nouvelle combi[2.4645852743565797
[639.0, 231.0, 729.0, 321.0][459.0, 411.0, 549.0, 501.0][639.0, 591.0, 729.0, 681.0][819.0, 591.0, 909.0, 681.0][Distracteur Bleu
[639.0, 231.0, 729.0, 321.0][459.0, 411.0, 549.0, 501.0][639.0, 591.0, 729.0, 681.0][999.0, 591.0, 1089.0, 681.0][Nouvelle combi[2.610201915648929
[639.0, 231.0, 729.0, 321.0][459.0, 411.0, 549.0, 501.0][639.0, 591.0, 729.0, 681.0][909.0, 501.0, 999.0, 591.0][Nouvelle combi[3.581338771685637
[639.0, 231.0, 729.0, 321.0][459.0, 411.0, 549.0, 501.0][459.0, 591.0, 549.0, 681.0][999.0, 591.0, 1089.0, 681.0][Nouvelle combi[2.854770640282254
[639.0, 231.0, 729.0, 321.0][549.0, 321.0, 639.0, 411.0][549.0, 501.0, 639.0, 591.0][909.0, 501.0, 999.0, 591.0][Nouvelle combi[3.999978256437032
[999.0, 591.0, 1089.0, 681.0][729.0, 321.0, 819.0, 411.0][639.0, 411.0, 729.0, 501.0][729.0, 321.0, 819.0, 411.0][Meme cercle
[639.0, 591.0, 729.0, 681.0][549.0, 501.0, 639.0, 591.0][729.0, 321.0, 819.0, 411.0][639.0, 231.0, 729.0, 321.0][Nouvelle combi[3.1368576777136354
[729.0, 321.0, 819.0, 411.0][639.0, 411.0, 729.0, 501.0][549.0, 501.0, 639.0, 591.0][459.0, 591.0, 549.0, 681.0][Nouvelle combi[2.476948336063572
[999.0, 591.0, 1089.0, 681.0][909.0, 501.0, 999.0, 591.0][729.0, 321.0, 819.0, 411.0][639.0, 231.0, 729.0, 321.0][Nouvelle combi[2.418181228905155
[639.0, 231.0, 729.0, 321.0][729.0, 321.0, 819.0, 411.0][909.0, 501.0, 999.0, 591.0][999.0, 591.0, 1089.0, 681.0][Combi déjà faite[2.090606247458993
[729.0, 321.0, 819.0, 411.0][639.0, 231.0, 729.0, 321.0][909.0, 501.0, 999.0, 591.0][999.0, 591.0, 1089.0, 681.0][Combi déjà faite[2.277048274402148
[639.0, 231.0, 729.0, 321.0][729.0, 321.0, 819.0, 411.0][639.0, 411.0, 729.0, 501.0][639.0, 591.0, 729.0, 681.0][Nouvelle combi[3.805045983533148
[639.0, 591.0, 729.0, 681.0][639.0, 411.0, 729.0, 501.0][729.0, 321.0, 819.0, 411.0][639.0, 231.0, 729.0, 321.0][Combi déjà faite[1.7266263877419306
[639.0, 411.0, 729.0, 501.0][729.0, 321.0, 819.0, 411.0][639.0, 231.0, 729.0, 321.0][639.0, 591.0, 729.0, 681.0][Combi déjà faite[1.8287144672232216
[639.0, 231.0, 729.0, 321.0][729.0, 321.0, 819.0, 411.0][639.0, 411.0, 729.0, 501.0][549.0, 501.0, 639.0, 591.0][Nouvelle combi[2.824030985808008
[549.0, 501.0, 639.0, 591.0][639.0, 411.0, 729.0, 501.0][729.0, 321.0, 819.0, 411.0][639.0, 231.0, 729.0, 321.0][Combi déjà faite[1.745946569091359
[459.0, 591.0, 549.0, 681.0][549.0, 501.0, 639.0, 591.0][639.0, 411.0, 729.0, 501.0][729.0, 321.0, 819.0, 411.0][Combi déjà faite[1.666821333142991
[549.0, 501.0, 639.0, 591.0][639.0, 411.0, 729.0, 501.0][729.0, 321.0, 819.0, 411.0][639.0, 231.0, 729.0, 321.0][Combi déjà faite[1.695597913110248
[459.0, 411.0, 549.0, 501.0][549.0, 321.0, 639.0, 411.0][639.0, 231.0, 729.0, 321.0][729.0, 321.0, 819.0, 411.0][Nouvelle combi[2.324857036073354
[459.0, 411.0, 549.0, 501.0][549.0, 501.0, 639.0, 591.0][639.0, 411.0, 729.0, 501.0][729.0, 321.0, 819.0, 411.0][Nouvelle combi[2.355408383087081
[639.0, 591.0, 729.0, 681.0][549.0, 501.0, 639.0, 591.0][459.0, 411.0, 549.0, 501.0][549.0, 321.0, 639.0, 411.0][Nouvelle combi[1.7560930181418826
[459.0, 591.0, 549.0, 681.0][549.0, 501.0, 639.0, 591.0][639.0, 591.0, 729.0, 681.0][639.0, 411.0, 729.0, 501.0][Nouvelle combi[2.6015959775228907
[459.0, 591.0, 549.0, 681.0][549.0, 501.0, 639.0, 591.0][729.0, 321.0, 819.0, 411.0][639.0, 231.0, 729.0, 321.0][Nouvelle combi[2.981399817764327
[459.0, 591.0, 549.0, 681.0][549.0, 501.0, 639.0, 591.0][639.0, 411.0, 729.0, 501.0][549.0, 321.0, 639.0, 411.0][Nouvelle combi[1.6996253953328733
[459.0, 591.0, 549.0, 681.0][549.0, 501.0, 639.0, 591.0][459.0, 411.0, 549.0, 501.0][639.0, 591.0, 729.0, 681.0][Nouvelle combi[2.3101538746824417
[459.0, 591.0, 549.0, 681.0][549.0, 501.0, 639.0, 591.0][909.0, 501.0, 999.0, 591.0][999.0, 591.0, 1089.0, 681.0][Nouvelle combi[2.020892692234611
[459.0, 591.0, 549.0, 681.0][639.0, 591.0, 729.0, 681.0][639.0, 411.0, 729.0, 501.0][459.0, 411.0, 549.0, 501.0][Nouvelle combi[3.952626519844273
[459.0, 591.0, 549.0, 681.0][639.0, 591.0, 729.0, 681.0][909.0, 501.0, 999.0, 591.0][549.0, 501.0, 639.0, 591.0][Nouvelle combi[2.6846202855955426
[459.0, 591.0, 549.0, 681.0][639.0, 591.0, 729.0, 681.0][729.0, 321.0, 819.0, 411.0][549.0, 321.0, 639.0, 411.0][Nouvelle combi[1.9848172494557161
[459.0, 591.0, 549.0, 681.0][639.0, 591.0, 729.0, 681.0][639.0, 231.0, 729.0, 321.0][639.0, 411.0, 729.0, 501.0][Nouvelle combi[2.8107423867785997
[549.0, 501.0, 639.0, 591.0][639.0, 411.0, 729.0, 501.0][459.0, 411.0, 549.0, 501.0][729.0, 321.0, 819.0, 411.0][Combi déjà faite[3.208446512681178
[459.0, 411.0, 549.0, 501.0][729.0, 321.0, 819.0, 411.0][639.0, 411.0, 729.0, 501.0][549.0, 321.0, 639.0, 411.0][Nouvelle combi[2.7876601587772143
[459.0, 411.0, 549.0, 501.0][729.0, 321.0, 819.0, 411.0][549.0, 501.0, 639.0, 591.0][549.0, 321.0, 639.0, 411.0][Nouvelle combi[4.461421380814727
[459.0, 411.0, 549.0, 501.0][639.0, 231.0, 729.0, 321.0][549.0, 321.0, 639.0, 411.0][729.0, 321.0, 819.0, 411.0][Combi déjà faite[2.6858161815595736
[639.0, 231.0, 729.0, 321.0][639.0, 411.0, 729.0, 501.0][549.0, 321.0, 639.0, 411.0][729.0, 321.0, 819.0, 411.0][Combi déjà faite[1.9936635975422519
[639.0, 231.0, 729.0, 321.0][549.0, 321.0, 639.0, 411.0][639.0, 411.0, 729.0, 501.0][729.0, 321.0, 819.0, 411.0][Combi déjà faite[2.488031399345971
[549.0, 321.0, 639.0, 411.0][459.0, 411.0, 549.0, 501.0][549.0, 501.0, 639.0, 591.0][639.0, 411.0, 729.0, 501.0][Nouvelle combi[1.839757735682781
[549.0, 321.0, 639.0, 411.0][639.0, 411.0, 729.0, 501.0][549.0, 501.0, 639.0, 591.0][459.0, 411.0, 549.0, 501.0][Combi déjà faite[1.8416399897764109
[549.0, 501.0, 639.0, 591.0][639.0, 591.0, 729.0, 681.0][459.0, 591.0, 549.0, 681.0][459.0, 411.0, 549.0, 501.0][Combi déjà faite[2.088185737617607
[549.0, 501.0, 639.0, 591.0][639.0, 411.0, 729.0, 501.0][639.0, 591.0, 729.0, 681.0][459.0, 591.0, 549.0, 681.0][Combi déjà faite[1.6513661726775695
[549.0, 321.0, 639.0, 411.0][459.0, 411.0, 549.0, 501.0][639.0, 591.0, 729.0, 681.0][999.0, 591.0, 1089.0, 681.0][Nouvelle combi[3.019167976408653
[639.0, 411.0, 729.0, 501.0][549.0, 501.0, 639.0, 591.0][909.0, 501.0, 999.0, 591.0][999.0, 591.0, 1089.0, 681.0][Nouvelle combi[1.904956834924917
[999.0, 591.0, 1089.0, 681.0][909.0, 501.0, 999.0, 591.0][639.0, 411.0, 729.0, 501.0][549.0, 501.0, 639.0, 591.0][Combi déjà faite[1.8459698306012342
[639.0, 591.0, 729.0, 681.0][549.0, 501.0, 639.0, 591.0][459.0, 411.0, 549.0, 501.0][549.0, 321.0, 639.0, 411.0][Combi déjà faite[1.8852272181818535
[459.0, 591.0, 549.0, 681.0][549.0, 501.0, 639.0, 591.0][639.0, 231.0, 729.0, 321.0][999.0, 591.0, 1089.0, 681.0][Nouvelle combi[5.1349659877341765
[459.0, 591.0, 549.0, 681.0][639.0, 411.0, 729.0, 501.0][639.0, 231.0, 729.0, 321.0][999.0, 591.0, 1089.0, 681.0][Nouvelle combi[2.628971943829413
[459.0, 591.0, 549.0, 681.0][729.0, 321.0, 819.0, 411.0][639.0, 231.0, 729.0, 321.0][999.0, 591.0, 1089.0, 681.0][Nouvelle combi[2.012591984502194
[459.0, 591.0, 549.0, 681.0][909.0, 501.0, 999.0, 591.0][639.0, 231.0, 729.0, 321.0][999.0, 591.0, 1089.0, 681.0][Nouvelle combi[3.5286262211780013
[459.0, 411.0, 549.0, 501.0][729.0, 321.0, 819.0, 411.0][639.0, 231.0, 729.0, 321.0][999.0, 591.0, 1089.0, 681.0][Nouvelle combi[3.436675154861348
[459.0, 411.0, 549.0, 501.0][729.0, 321.0, 819.0, 411.0]
30 sec
[909.0, 501.0, 999.0, 591.0][639.0, 231.0, 729.0, 321.0][Nouvelle combi[3.295989379295122
[459.0, 411.0, 549.0, 501.0][729.0, 321.0, 819.0, 411.0][639.0, 231.0, 729.0, 321.0][639.0, 411.0, 729.0, 501.0][Nouvelle combi[2.7544007125324583
[549.0, 501.0, 639.0, 591.0][639.0, 591.0, 729.0, 681.0][639.0, 411.0, 729.0, 501.0][909.0, 501.0, 999.0, 591.0][Nouvelle combi[2.9537776979146315
[549.0, 501.0, 639.0, 591.0][639.0, 591.0, 729.0, 681.0][909.0, 501.0, 999.0, 591.0][999.0, 591.0, 1089.0, 681.0][Nouvelle combi[2.029576578982642
[549.0, 501.0, 639.0, 591.0][639.0, 591.0, 729.0, 681.0][549.0, 321.0, 639.0, 411.0][729.0, 321.0, 819.0, 411.0][Nouvelle combi[2.1994619083545786
[549.0, 501.0, 639.0, 591.0][639.0, 591.0, 729.0, 681.0][639.0, 231.0, 729.0, 321.0][639.0, 411.0, 729.0, 501.0][Nouvelle combi[1.9074589856915054
[549.0, 321.0, 639.0, 411.0][459.0, 411.0, 549.0, 501.0][639.0, 411.0, 729.0, 501.0][549.0, 501.0, 639.0, 591.0][Combi déjà faite[4.259023681201654
[549.0, 321.0, 639.0, 411.0][459.0, 411.0, 549.0, 501.0][909.0, 501.0, 999.0, 591.0][999.0, 591.0, 1089.0, 681.0][Nouvelle combi[2.273982842277519
[549.0, 321.0, 639.0, 411.0][459.0, 411.0, 549.0, 501.0][639.0, 231.0, 729.0, 321.0][459.0, 591.0, 549.0, 681.0][Nouvelle combi[2.19877062715409
[549.0, 321.0, 639.0, 411.0][459.0, 411.0, 549.0, 501.0][639.0, 231.0, 729.0, 321.0][639.0, 591.0, 729.0, 681.0][Nouvelle combi[2.218729576948192
[549.0, 321.0, 639.0, 411.0][459.0, 411.0, 549.0, 501.0][729.0, 321.0, 819.0, 411.0][639.0, 231.0, 729.0, 321.0][Combi déjà faite[2.258016092698142
[549.0, 321.0, 639.0, 411.0][459.0, 411.0, 549.0, 501.0][639.0, 591.0, 729.0, 681.0]

Bonnes réponses=[ 44.00
Erreurs couleur:[ 1.00
Erreurs répétition:[ 20.00
Erreurs même cercle:[ 1.00
Erreurs à côté:[ 0.00
Erreurs totales:[22
Nombre de réponses:[66
Taux de réussite=[ 66.67
RTmoy reussi sec=[ 2.707
RTmoy deja fait sec=[ 2.141
RTmoy tot sec=[ 2.530
RTmax sec=[ 5.135
RTmin sec=[ 1.357

