
TACHE SPATIALE DIFFICILE FORT GAIN

Coord distracteur bleu 1 [729.0, 501.0, 819.0, 591.0]
Coord distracteur bleu 2 [729.0, 321.0, 819.0, 411.0]
Coord distracteur bleu 3 [369.0, 501.0, 459.0, 591.0]
Coord distracteur rouge 1 [459.0, 411.0, 549.0, 501.0]
Coord distracteur rouge 2 [549.0, 501.0, 639.0, 591.0]

[Coord Cercle 1[Coord Cercle 2[Coord Cercle 3[Coord Cercle 4[Combi[RT
[639.0, 591.0, 729.0, 681.0][819.0, 591.0, 909.0, 681.0][909.0, 501.0, 999.0, 591.0][819.0, 411.0, 909.0, 501.0][Nouvelle combi[6.703865800370297
[639.0, 591.0, 729.0, 681.0][819.0, 591.0, 909.0, 681.0][909.0, 501.0, 999.0, 591.0][819.0, 411.0, 909.0, 501.0][Combi déjà faite[5.336553431934237
[279.0, 591.0, 369.0, 681.0][459.0, 591.0, 549.0, 681.0][639.0, 591.0, 729.0, 681.0][819.0, 591.0, 909.0, 681.0][Nouvelle combi[2.2894076438059763
[639.0, 231.0, 729.0, 321.0][549.0, 321.0, 639.0, 411.0][639.0, 411.0, 729.0, 501.0][819.0, 411.0, 909.0, 501.0][Nouvelle combi[3.138519624386104
[999.0, 591.0, 1089.0, 681.0][909.0, 501.0, 999.0, 591.0][819.0, 411.0, 909.0, 501.0][819.0, 591.0, 909.0, 681.0][Nouvelle combi[1.977490899498381
[909.0, 501.0, 999.0, 591.0][819.0, 591.0, 909.0, 681.0][639.0, 591.0, 729.0, 681.0][459.0, 591.0, 549.0, 681.0][Nouvelle combi[2.2806203725697998
[999.0, 591.0, 1089.0, 681.0][909.0, 501.0, 999.0, 591.0][819.0, 411.0, 909.0, 501.0][819.0, 591.0, 909.0, 681.0][Combi déjà faite[3.726283824060932
[819.0, 591.0, 909.0, 681.0][819.0, 411.0, 909.0, 501.0][909.0, 501.0, 999.0, 591.0][999.0, 591.0, 1089.0, 681.0][Combi déjà faite[2.0328692928788215
[999.0, 591.0, 1089.0, 681.0][909.0, 501.0, 999.0, 591.0][819.0, 591.0, 909.0, 681.0][639.0, 591.0, 729.0, 681.0][Nouvelle combi[1.9932635980345452
[639.0, 231.0, 729.0, 321.0][549.0, 321.0, 639.0, 411.0][639.0, 411.0, 729.0, 501.0][819.0, 411.0, 909.0, 501.0][Combi déjà faite[1.9221096343266062
[999.0, 591.0, 1089.0, 681.0][819.0, 591.0, 909.0, 681.0][639.0, 411.0, 729.0, 501.0][549.0, 321.0, 639.0, 411.0][Nouvelle combi[2.7170198354627644
[819.0, 591.0, 909.0, 681.0][639.0, 231.0, 729.0, 321.0][549.0, 321.0, 639.0, 411.0][639.0, 411.0, 729.0, 501.0][Nouvelle combi[2.761506755068609
[999.0, 591.0, 1089.0, 681.0][639.0, 591.0, 729.0, 681.0][459.0, 591.0, 549.0, 681.0][279.0, 591.0, 369.0, 681.0][Nouvelle combi[2.25805547726506
[279.0, 591.0, 369.0, 681.0][459.0, 591.0, 549.0, 681.0][639.0, 591.0, 729.0, 681.0][819.0, 591.0, 909.0, 681.0][Combi déjà faite[2.543775740993958
[459.0, 591.0, 549.0, 681.0][639.0, 591.0, 729.0, 681.0][819.0, 591.0, 909.0, 681.0][999.0, 591.0, 1089.0, 681.0][Nouvelle combi[1.8500165948513683
[999.0, 591.0, 1089.0, 681.0][909.0, 501.0, 999.0, 591.0][819.0, 411.0, 909.0, 501.0][819.0, 591.0, 909.0, 681.0][Combi déjà faite[1.5321597552905573
[999.0, 591.0, 1089.0, 681.0][819.0, 591.0, 909.0, 681.0][639.0, 411.0, 729.0, 501.0][549.0, 321.0, 639.0, 411.0][Combi déjà faite[2.1564264741417816
[639.0, 231.0, 729.0, 321.0][549.0, 321.0, 639.0, 411.0][639.0, 411.0, 729.0, 501.0][819.0, 591.0, 909.0, 681.0][Combi déjà faite[2.4338755685634084
[639.0, 231.0, 729.0, 321.0][549.0, 321.0, 639.0, 411.0][909.0, 501.0, 999.0, 591.0][999.0, 591.0, 1089.0, 681.0][Nouvelle combi[2.085860407146164
[639.0, 231.0, 729.0, 321.0][549.0, 321.0, 639.0, 411.0][819.0, 411.0, 909.0, 501.0][909.0, 501.0, 999.0, 591.0][Nouvelle combi[2.1240946164989367
[639.0, 231.0, 729.0, 321.0][549.0, 321.0, 639.0, 411.0][279.0, 591.0, 369.0, 681.0][459.0, 591.0, 549.0, 681.0][Nouvelle combi[1.8579936106745336
[639.0, 231.0, 729.0, 321.0][549.0, 321.0, 639.0, 411.0][639.0, 591.0, 729.0, 681.0][639.0, 411.0, 729.0, 501.0][Nouvelle combi[2.3242432932390216
[639.0, 231.0, 729.0, 321.0][549.0, 321.0, 639.0, 411.0][639.0, 411.0, 729.0, 501.0][639.0, 591.0, 729.0, 681.0][Combi déjà faite[2.0261287883543133
[639.0, 231.0, 729.0, 321.0][549.0, 321.0, 639.0, 411.0][279.0, 591.0, 369.0, 681.0][459.0, 591.0, 549.0, 681.0][Combi déjà faite[2.232065355406739
[639.0, 591.0, 729.0, 681.0][639.0, 411.0, 729.0, 501.0][819.0, 411.0, 909.0, 501.0][819.0, 591.0, 909.0, 681.0][Nouvelle combi[3.245744518058032
[819.0, 591.0, 909.0, 681.0][819.0, 411.0, 909.0, 501.0][639.0, 411.0, 729.0, 501.0][639.0, 591.0, 729.0, 681.0][Combi déjà faite[1.7124352257207534
[639.0, 591.0, 729.0, 681.0][639.0, 411.0, 729.0, 501.0][909.0, 501.0, 999.0, 591.0][999.0, 591.0, 1089.0, 681.0][Nouvelle combi[2.6059697157295716
[639.0, 591.0, 729.0, 681.0][639.0, 411.0, 729.0, 501.0][999.0, 591.0, 1089.0, 681.0][909.0, 501.0, 999.0, 591.0][Combi déjà faite[1.9395360744171342
[819.0, 591.0, 909.0, 681.0][819.0, 411.0, 909.0, 501.0][909.0, 501.0, 999.0, 591.0][999.0, 591.0, 1089.0, 681.0][Combi déjà faite[2.84857864790321
[819.0, 591.0, 909.0, 681.0][819.0, 411.0, 909.0, 501.0][999.0, 591.0, 1089.0, 681.0][909.0, 501.0, 999.0, 591.0][Combi déjà faite[2.1197385192961775
[819.0, 591.0, 909.0, 681.0][819.0, 411.0, 909.0, 501.0][639.0, 591.0, 729.0, 681.0][909.0, 501.0, 999.0, 591.0][Combi déjà faite[2.441840686965307
[819.0, 591.0, 909.0, 681.0][819.0, 411.0, 909.0, 501.0][639.0, 591.0, 729.0, 681.0][999.0, 591.0, 1089.0, 681.0][Nouvelle combi[2.1230800536450545
[819.0, 591.0, 909.0, 681.0][819.0, 411.0, 909.0, 501.0][999.0, 591.0, 1089.0, 681.0][639.0, 591.0, 729.0, 681.0][Combi déjà faite[3.8745035390725775
[819.0, 591.0, 909.0, 681.0][819.0, 411.0, 909.0, 501.0][909.0, 501.0, 999.0, 591.0][639.0, 591.0, 729.0, 681.0][Combi déjà faite[2.106087254046443
[999.0, 591.0, 1089.0, 681.0][639.0, 591.0, 729.0, 681.0][459.0, 591.0, 549.0, 681.0][639.0, 411.0, 729.0, 501.0][Nouvelle combi[4.279241502472004
[999.0, 591.0, 1089.0, 681.0][819.0, 591.0, 909.0, 681.0][279.0, 591.0, 369.0, 681.0][549.0, 321.0, 639.0, 411.0][Nouvelle combi[3.0942062430282107
[999.0, 591.0, 1089.0, 681.0][639.0, 591.0, 729.0, 681.0][459.0, 591.0, 549.0, 681.0][639.0, 411.0, 729.0, 501.0][Combi déjà faite[3.7396557050391266
[999.0, 591.0, 1089.0, 681.0][639.0, 591.0, 729.0, 681.0][279.0, 591.0, 369.0, 681.0][549.0, 321.0, 639.0, 411.0][Nouvelle combi[2.474185262541212
[639.0, 231.0, 729.0, 321.0][639.0, 411.0, 729.0, 501.0][819.0, 411.0, 909.0, 501.0][819.0, 591.0, 909.0, 681.0][Nouvelle combi[4.032802010910345
[639.0, 411.0, 729.0, 501.0][639.0, 231.0, 729.0, 321.0][639.0, 591.0, 729.0, 681.0][819.0, 591.0, 909.0, 681.0][Nouvelle combi[4.761081729950703
[639.0, 231.0, 729.0, 321.0][639.0, 411.0, 729.0, 501.0][639.0, 591.0, 729.0, 681.0][459.0, 591.0, 549.0, 681.0][Nouvelle combi[2.0303589369941193
[639.0, 231.0, 729.0, 321.0][639.0, 411.0, 729.0, 501.0][459.0, 591.0, 549.0, 681.0][279.0, 591.0, 369.0, 681.0][Nouvelle combi[2.109059968336453
[639.0, 231.0, 729.0, 321.0][639.0, 411.0, 729.0, 501.0][459.0, 591.0, 549.0, 681.0][549.0, 321.0, 639.0, 411.0][Nouvelle combi[2.479912845235475
[639.0, 231.0, 729.0, 321.0][639.0, 411.0, 729.0, 501.0][279.0, 591.0, 369.0, 681.0][549.0, 321.0, 639.0, 411.0][Nouvelle combi[2.31654812322283
[639.0, 231.0, 729.0, 321.0][639.0, 411.0, 729.0, 501.0][909.0, 501.0, 999.0, 591.0][819.0, 411.0, 909.0, 501.0][Nouvelle combi[2.2914839489428402
[639.0, 231.0, 729.0, 321.0][639.0, 411.0, 729.0, 501.0][819.0, 591.0, 909.0, 681.0][909.0, 501.0, 999.0, 591.0][Nouvelle combi[3.1625954921901496
[639.0, 231.0, 729.0, 321.0][639.0, 411.0, 729.0, 501.0][999.0, 591.0, 1089.0, 681.0][819.0, 411.0, 909.0, 501.0][Nouvelle combi[2.5441269200489103
[639.0, 231.0, 729.0, 321.0][639.0, 411.0, 729.0, 501.0][999.0, 591.0, 1089.0, 681.0][279.0, 591.0, 369.0, 681.0][Nouvelle combi[4.900395199513611
[459.0, 591.0, 549.0, 681.0][639.0, 591.0, 729.0, 681.0][639.0, 411.0, 729.0, 501.0][819.0, 411.0, 909.0, 501.0][Nouvelle combi[2.933822850679576
[279.0, 591.0, 369.0, 681.0][459.0, 591.0, 549.0, 681.0][549.0, 321.0, 639.0, 411.0][639.0, 411.0, 729.0, 501.0][Nouvelle combi[2.3945381810812023
[279.0, 591.0, 369.0, 681.0][639.0, 231.0, 729.0, 321.0][819.0, 411.0, 909.0, 501.0][909.0, 501.0, 999.0, 591.0][Nouvelle combi[3.2562573256320206
[279.0, 591.0, 369.0, 681.0][549.0, 321.0, 639.0, 411.0][639.0, 411.0, 729.0, 501.0][459.0, 591.0, 549.0, 681.0][Combi déjà faite[2.542657793651955

30 sec
[279.0, 591.0, 369.0, 681.0][549.0, 321.0, 639.0, 411.0][459.0, 591.0, 549.0, 681.0][639.0, 591.0, 729.0, 681.0][Nouvelle combi[2.570010375371851
[279.0, 591.0, 369.0, 681.0][999.0, 591.0, 1089.0, 681.0][819.0, 591.0, 909.0, 681.0][639.0, 591.0, 729.0, 681.0][Nouvelle combi[2.487441041098208
[279.0, 591.0, 369.0, 681.0][639.0, 231.0, 729.0, 321.0][999.0, 591.0, 1089.0, 681.0][909.0, 501.0, 999.0, 591.0][Nouvelle combi[2.841518554028454
[279.0, 591.0, 369.0, 681.0][819.0, 411.0, 909.0, 501.0][909.0, 501.0, 999.0, 591.0][819.0, 591.0, 909.0, 681.0][Nouvelle combi[2.1532137601471675
[279.0, 591.0, 369.0, 681.0][819.0, 411.0, 909.0, 501.0][639.0, 591.0, 729.0, 681.0][819.0, 591.0, 909.0, 681.0][Nouvelle combi[2.17057702082829
[639.0, 411.0, 729.0, 501.0][459.0, 591.0, 549.0, 681.0][639.0, 591.0, 729.0, 681.0][819.0, 591.0, 909.0, 681.0][Nouvelle combi[3.232286073083827
[639.0, 231.0, 729.0, 321.0][819.0, 411.0, 909.0, 501.0][909.0, 501.0, 999.0, 591.0][999.0, 591.0, 1089.0, 681.0][Nouvelle combi[3.484636531729393
[549.0, 321.0, 639.0, 411.0][279.0, 591.0, 369.0, 681.0][909.0, 501.0, 999.0, 591.0][819.0, 411.0, 909.0, 501.0][Nouvelle combi[5.332136206601575
[549.0, 321.0, 639.0, 411.0][639.0, 411.0, 729.0, 501.0][639.0, 591.0, 729.0, 681.0][819.0, 591.0, 909.0, 681.0][Nouvelle combi[2.7428860600376765
[639.0, 231.0, 729.0, 321.0][639.0, 411.0, 729.0, 501.0]

Bonnes réponses=[ 42.00
Erreurs couleur:[ 0.00
Erreurs répétition:[ 19.00
Erreurs même cercle:[ 0.00
Erreurs à côté:[ 0.00
Erreurs totales:[19
Nombre de réponses:[61
Taux de réussite=[ 68.85
RTmoy reussi sec=[ 2.867
RTmoy deja fait sec=[ 2.593
RTmoy tot sec=[ 2.782
RTmax sec=[ 6.704
RTmin sec=[ 1.850

