
TACHE SPATIALE DIFFICILE FAIBLE GAIN

Coord distracteur bleu 1 [459.0, 411.0, 549.0, 501.0]
Coord distracteur bleu 2 [999.0, 591.0, 1089.0, 681.0]
Coord distracteur bleu 3 [549.0, 321.0, 639.0, 411.0]
Coord distracteur rouge 1 [729.0, 501.0, 819.0, 591.0]
Coord distracteur rouge 2 [639.0, 591.0, 729.0, 681.0]

[Coord Cercle 1[Coord Cercle 2[Coord Cercle 3[Coord Cercle 4[Combi[RT
[459.0, 591.0, 549.0, 681.0][549.0, 501.0, 639.0, 591.0][369.0, 501.0, 459.0, 591.0][279.0, 591.0, 369.0, 681.0][Nouvelle combi[2.856019810445332
[369.0, 501.0, 459.0, 591.0][459.0, 591.0, 549.0, 681.0][549.0, 501.0, 639.0, 591.0][639.0, 411.0, 729.0, 501.0][Nouvelle combi[3.0892963369876725
[639.0, 231.0, 729.0, 321.0][729.0, 321.0, 819.0, 411.0][639.0, 411.0, 729.0, 501.0][549.0, 501.0, 639.0, 591.0][Nouvelle combi[2.0843063923641694
[909.0, 501.0, 999.0, 591.0][819.0, 591.0, 909.0, 681.0][819.0, 411.0, 909.0, 501.0][729.0, 321.0, 819.0, 411.0][Nouvelle combi[2.298147447673955
[729.0, 321.0, 819.0, 411.0][639.0, 411.0, 729.0, 501.0][549.0, 501.0, 639.0, 591.0][459.0, 591.0, 549.0, 681.0][Nouvelle combi[2.11799785189919
[279.0, 591.0, 369.0, 681.0][369.0, 501.0, 459.0, 591.0][639.0, 231.0, 729.0, 321.0][729.0, 321.0, 819.0, 411.0][Nouvelle combi[1.917581195830735
[459.0, 591.0, 549.0, 681.0][549.0, 501.0, 639.0, 591.0][639.0, 411.0, 729.0, 501.0][729.0, 321.0, 819.0, 411.0][Combi déjà faite[1.6906181000056222
[549.0, 501.0, 639.0, 591.0][639.0, 411.0, 729.0, 501.0][729.0, 321.0, 819.0, 411.0][819.0, 411.0, 909.0, 501.0][Nouvelle combi[1.7228970478793144
[639.0, 411.0, 729.0, 501.0][729.0, 321.0, 819.0, 411.0][819.0, 411.0, 909.0, 501.0][942, 500[A cote
[819.0, 591.0, 909.0, 681.0][909.0, 501.0, 999.0, 591.0][819.0, 411.0, 909.0, 501.0][729.0, 321.0, 819.0, 411.0][Combi déjà faite[1.6904761514042548
[729.0, 321.0, 819.0, 411.0][639.0, 411.0, 729.0, 501.0][549.0, 501.0, 639.0, 591.0][459.0, 591.0, 549.0, 681.0][Combi déjà faite[1.6453180346109093
[279.0, 591.0, 369.0, 681.0][369.0, 501.0, 459.0, 591.0][639.0, 231.0, 729.0, 321.0][729.0, 321.0, 819.0, 411.0][Combi déjà faite[1.870010773324566
[819.0, 411.0, 909.0, 501.0][729.0, 321.0, 819.0, 411.0][639.0, 411.0, 729.0, 501.0][549.0, 501.0, 639.0, 591.0][Combi déjà faite[1.5555429287853713
[909.0, 501.0, 999.0, 591.0][819.0, 411.0, 909.0, 501.0][639.0, 411.0, 729.0, 501.0][549.0, 501.0, 639.0, 591.0][Nouvelle combi[1.5737144010549855
[819.0, 591.0, 909.0, 681.0][639.0, 411.0, 729.0, 501.0][549.0, 501.0, 639.0, 591.0][459.0, 591.0, 549.0, 681.0][Nouvelle combi[1.518927984469201
[819.0, 591.0, 909.0, 681.0][909.0, 501.0, 999.0, 591.0][819.0, 411.0, 909.0, 501.0][729.0, 321.0, 819.0, 411.0][Combi déjà faite[1.4148521724289367
[909.0, 501.0, 999.0, 591.0][819.0, 411.0, 909.0, 501.0][729.0, 321.0, 819.0, 411.0][639.0, 231.0, 729.0, 321.0][Nouvelle combi[1.5379552509084533
[729.0, 321.0, 819.0, 411.0][639.0, 411.0, 729.0, 501.0][549.0, 501.0, 639.0, 591.0][459.0, 591.0, 549.0, 681.0][Combi déjà faite[1.461147108802379
[279.0, 591.0, 369.0, 681.0][369.0, 501.0, 459.0, 591.0][459.0, 591.0, 549.0, 681.0][549.0, 501.0, 639.0, 591.0][Combi déjà faite[1.2784128997639073
[369.0, 501.0, 459.0, 591.0][459.0, 591.0, 549.0, 681.0][549.0, 501.0, 639.0, 591.0][639.0, 411.0, 729.0, 501.0][Combi déjà faite[1.9802379649329396
[639.0, 231.0, 729.0, 321.0][729.0, 321.0, 819.0, 411.0][639.0, 411.0, 729.0, 501.0][549.0, 501.0, 639.0, 591.0][Combi déjà faite[1.4920090321977568
[639.0, 231.0, 729.0, 321.0][729.0, 321.0, 819.0, 411.0][819.0, 411.0, 909.0, 501.0][909.0, 501.0, 999.0, 591.0][Combi déjà faite[2.062849589456846
[819.0, 591.0, 909.0, 681.0][909.0, 501.0, 999.0, 591.0][819.0, 411.0, 909.0, 501.0][729.0, 321.0, 819.0, 411.0][Combi déjà faite[1.526013927373242
[549.0, 501.0, 639.0, 591.0][639.0, 411.0, 729.0, 501.0][729.0, 321.0, 819.0, 411.0][639.0, 231.0, 729.0, 321.0][Combi déjà faite[1.3690216459310705
[369.0, 501.0, 459.0, 591.0][459.0, 591.0, 549.0, 681.0][549.0, 501.0, 639.0, 591.0][639.0, 411.0, 729.0, 501.0][Combi déjà faite[1.334353776940361
[639.0, 231.0, 729.0, 321.0][549.0, 501.0, 639.0, 591.0][369.0, 501.0, 459.0, 591.0][279.0, 591.0, 369.0, 681.0][Nouvelle combi[1.3259193223227612
[279.0, 591.0, 369.0, 681.0][549.0, 501.0, 639.0, 591.0][639.0, 411.0, 729.0, 501.0][639.0, 231.0, 729.0, 321.0][Nouvelle combi[1.964407824075579
[729.0, 321.0, 819.0, 411.0][549.0, 501.0, 639.0, 591.0][460, 526[[A cote
[374, 639[[[[A cote
[279.0, 591.0, 369.0, 681.0][369.0, 501.0, 459.0, 591.0][549.0, 501.0, 639.0, 591.0][639.0, 411.0, 729.0, 501.0][Nouvelle combi[2.0777788079763013
[639.0, 231.0, 729.0, 321.0][729.0, 321.0, 819.0, 411.0][819.0, 411.0, 909.0, 501.0][909.0, 501.0, 999.0, 591.0][Combi déjà faite[2.030942333585699
[819.0, 591.0, 909.0, 681.0][639.0, 411.0, 729.0, 501.0][549.0, 501.0, 639.0, 591.0][459.0, 591.0, 549.0, 681.0][Combi déjà faite[1.8837190697690858
[729.0, 321.0, 819.0, 411.0][639.0, 411.0, 729.0, 501.0][549.0, 501.0, 639.0, 591.0][459.0, 591.0, 549.0, 681.0][Combi déjà faite[1.8627217536643457
[729.0, 321.0, 819.0, 411.0][819.0, 411.0, 909.0, 501.0][909.0, 501.0, 999.0, 591.0][639.0, 411.0, 729.0, 501.0][Nouvelle combi[1.5840823925477707
[819.0, 591.0, 909.0, 681.0][639.0, 411.0, 729.0, 501.0][549.0, 501.0, 639.0, 591.0][459.0, 591.0, 549.0, 681.0][Combi déjà faite[1.4712558184567115
[279.0, 591.0, 369.0, 681.0][369.0, 501.0, 459.0, 591.0][549.0, 501.0, 639.0, 591.0][639.0, 411.0, 729.0, 501.0][Combi déjà faite[1.3476313045075585
[279.0, 591.0, 369.0, 681.0][549.0, 501.0, 639.0, 591.0][639.0, 411.0, 729.0, 501.0][729.0, 321.0, 819.0, 411.0][Nouvelle combi[1.6184056464362584
[369.0, 501.0, 459.0, 591.0][459.0, 591.0, 549.0, 681.0][549.0, 501.0, 639.0, 591.0][639.0, 411.0, 729.0, 501.0][Combi déjà faite[1.398882954762712
[639.0, 231.0, 729.0, 321.0][729.0, 321.0, 819.0, 411.0][819.0, 411.0, 909.0, 501.0][909.0, 501.0, 999.0, 591.0][Combi déjà faite[1.3699172349397486
[729.0, 321.0, 819.0, 411.0][639.0, 411.0, 729.0, 501.0][549.0, 501.0, 639.0, 591.0][459.0, 591.0, 549.0, 681.0][Combi déjà faite[1.477223813559931
[639.0, 231.0, 729.0, 321.0][729.0, 321.0, 819.0, 411.0][819.0, 411.0, 909.0, 501.0][909.0, 501.0, 999.0, 591.0][Combi déjà faite[1.9719696640247548
[369.0, 501.0, 459.0, 591.0][459.0, 591.0, 549.0, 681.0][549.0, 501.0, 639.0, 591.0][639.0, 411.0, 729.0, 501.0][Combi déjà faite[1.9207758598763576
[639.0, 411.0, 729.0, 501.0][819.0, 591.0, 909.0, 681.0][279.0, 591.0, 369.0, 681.0][459.0, 591.0, 549.0, 681.0][Nouvelle combi[1.6964113260214617
[369.0, 501.0, 459.0, 591.0][549.0, 501.0, 639.0, 591.0][909.0, 501.0, 999.0, 591.0][819.0, 411.0, 909.0, 501.0][Nouvelle combi[1.9693005380097475
[639.0, 231.0, 729.0, 321.0][729.0, 321.0, 819.0, 411.0][549.0, 501.0, 639.0, 591.0][639.0, 411.0, 729.0, 501.0][Combi déjà faite[2.2400256492098833
[459.0, 591.0, 549.0, 681.0][549.0, 501.0, 639.0, 591.0][639.0, 411.0, 729.0, 501.0][729.0, 321.0, 819.0, 411.0][Combi déjà faite[1.626365845033206
[729.0, 321.0, 819.0, 411.0][819.0, 411.0, 909.0, 501.0][909.0, 501.0, 999.0, 591.0][819.0, 591.0, 909.0, 681.0][Combi déjà faite[2.10093571205266
[279.0, 591.0, 369.0, 681.0][369.0, 501.0, 459.0, 591.0][459.0, 591.0, 549.0, 681.0][549.0, 501.0, 639.0, 591.0][Combi déjà faite[1.6149820595019264
[639.0, 231.0, 729.0, 321.0][729.0, 321.0, 819.0, 411.0][639.0, 411.0, 729.0, 501.0][549.0, 501.0, 639.0, 591.0][Combi déjà faite[1.8626696511428236
[459.0, 591.0, 549.0, 681.0][549.0, 501.0, 639.0, 591.0][639.0, 411.0, 729.0, 501.0][729.0, 321.0, 819.0, 411.0][Combi déjà faite[1.6716847822074214
[819.0, 591.0, 909.0, 681.0][909.0, 501.0, 999.0, 591.0][819.0, 411.0, 909.0, 501.0][729.0, 321.0, 819.0, 411.0][Combi déjà faite[1.988322881376007
[279.0, 591.0, 369.0, 681.0][369.0, 501.0, 459.0, 591.0][459.0, 591.0, 549.0, 681.0][549.0, 501.0, 639.0, 591.0][Combi déjà faite[2.019750958153054
[369.0, 501.0, 459.0, 591.0][549.0, 501.0, 639.0, 591.0][639.0, 411.0, 729.0, 501.0][729.0, 321.0, 819.0, 411.0][Nouvelle combi[1.3617527288183737
[459.0, 591.0, 549.0, 681.0][549.0, 501.0, 639.0, 591.0][639.0, 411.0, 729.0, 501.0][729.0, 321.0, 819.0, 411.0][Combi déjà faite[1.4704697678196226
[639.0, 231.0, 729.0, 321.0][729.0, 321.0, 819.0, 411.0][639.0, 411.0, 729.0, 501.0][549.0, 501.0, 639.0, 591.0][Combi déjà faite[1.70776311157897
[369.0, 501.0, 459.0, 591.0][459.0, 591.0, 549.0, 681.0][279.0, 591.0, 369.0, 681.0][549.0, 501.0, 639.0, 591.0][Combi déjà faite[1.609121961746041
[819.0, 591.0, 909.0, 681.0][639.0, 411.0, 729.0, 501.0][729.0, 321.0, 819.0, 411.0][819.0, 411.0, 909.0, 501.0][Nouvelle combi[1.8629953944653153
[819.0, 591.0, 909.0, 681.0][909.0, 501.0, 999.0, 591.0][819.0, 411.0, 909.0, 501.0][729.0, 321.0, 819.0, 411.0][Combi déjà faite[1.7631587584337467
[639.0, 231.0, 729.0, 321.0][729.0, 321.0, 819.0, 411.0][639.0, 411.0, 729.0, 501.0][549.0, 501.0, 639.0, 591.0][Combi déjà faite[1.4808533490434002
[459.0, 591.0, 549.0, 681.0][549.0, 501.0, 639.0, 591.0][639.0, 411.0, 729.0, 501.0][729.0, 321.0, 819.0, 411.0][Combi déjà faite[1.5047622525028146
[369.0, 501.0, 459.0, 591.0][459.0, 591.0, 549.0, 681.0][549.0, 501.0, 639.0, 591.0][639.0, 411.0, 729.0, 501.0][Combi déjà faite[1.5517845728948032
[961, 422[[[[A cote
[819.0, 411.0, 909.0, 501.0][909.0, 501.0, 999.0, 591.0][819.0, 591.0, 909.0, 681.0][279.0, 591.0, 369.0, 681.0][Nouvelle combi[1.7672502422562957
[369.0, 501.0, 459.0, 591.0][459.0, 591.0, 549.0, 681.0][549.0, 501.0, 639.0, 591.0][639.0, 411.0, 729.0, 501.0][Combi déjà faite[1.6905561513385692
[639.0, 231.0, 729.0, 321.0][819.0, 411.0, 909.0, 501.0][549.0, 501.0, 639.0, 591.0][279.0, 591.0, 369.0, 681.0][Nouvelle combi[2.1317073791119583
[639.0, 231.0, 729.0, 321.0][729.0, 321.0, 819.0, 411.0][639.0, 411.0, 729.0, 501.0][459.0, 591.0, 549.0, 681.0][Nouvelle combi[1.7410935457692176
[639.0, 231.0, 729.0, 321.0][729.0, 321.0, 819.0, 411.0][819.0, 411.0, 909.0, 501.0][819.0, 591.0, 909.0, 681.0][Nouvelle combi[2.0927195136659975
[819.0, 591.0, 909.0, 681.0][909.0, 501.0, 999.0, 591.0][819.0, 411.0, 909.0, 501.0][369.0, 501.0, 459.0, 591.0][Nouvelle combi[1.862003395279089
[639.0, 411.0, 729.0, 501.0][729.0, 321.0, 819.0, 411.0][819.0, 411.0, 909.0, 501.0][459.0, 591.0, 549.0, 681.0][Nouvelle combi[1.726008429941885
[639.0, 231.0, 729.0, 321.0][549.0, 501.0, 639.0, 591.0][639.0, 411.0, 729.0, 501.0][729.0, 321.0, 819.0, 411.0][Combi déjà faite[1.7325351938172844
[369.0, 501.0, 459.0, 591.0][459.0, 591.0, 549.0, 681.0][639.0, 411.0, 729.0, 501.0][639.0, 231.0, 729.0, 321.0][Nouvelle combi[1.8345966485362624
[371, 622[[[[A cote
[459.0, 591.0, 549.0, 681.0][549.0, 501.0, 639.0, 591.0][369.0, 501.0, 459.0, 591.0][639.0, 411.0, 729.0, 501.0][Combi déjà faite[2.269260497017058
[279.0, 591.0, 369.0, 681.0][369.0, 501.0, 459.0, 591.0][459.0, 591.0, 549.0, 681.0][549.0, 501.0, 639.0, 591.0][Combi déjà faite[1.9141654037618991
[549.0, 501.0, 639.0, 591.0][639.0, 411.0, 729.0, 501.0][729.0, 321.0, 819.0, 411.0][639.0, 231.0, 729.0, 321.0][Combi déjà faite[1.560164053198605
[819.0, 591.0, 909.0, 681.0][909.0, 501.0, 999.0, 591.0][819.0, 411.0, 909.0, 501.0][729.0, 321.0, 819.0, 411.0][Combi déjà faite[1.8448005375994398
[459.0, 591.0, 549.0, 681.0][549.0, 501.0, 639.0, 591.0][639.0, 411.0, 729.0, 501.0][729.0, 321.0, 819.0, 411.0][Combi déjà faite[2.954279011873723
[819.0, 591.0, 909.0, 681.0][909.0, 501.0, 999.0, 591.0][819.0, 411.0, 909.0, 501.0][729.0, 321.0, 819.0, 411.0][Combi déjà faite[1.7324071939224268
[639.0, 231.0, 729.0, 321.0][639.0, 411.0, 729.0, 501.0][819.0, 411.0, 909.0, 501.0][729.0, 321.0, 819.0, 411.0][Nouvelle combi[1.8574294503141573
[369.0, 501.0, 459.0, 591.0][549.0, 501.0, 639.0, 591.0][459.0, 591.0, 549.0, 681.0][374, 633[A cote
[819.0, 591.0, 909.0, 681.0][909.0, 501.0, 999.0, 591.0][819.0, 411.0, 909.0, 501.0][459.0, 591.0, 549.0, 681.0][Nouvelle combi[1.6650771978854664

30 sec
[732, 247[[[[A cote
[639.0, 231.0, 729.0, 321.0][729.0, 321.0, 819.0, 411.0][735, 448[[A cote
[549.0, 501.0, 639.0, 591.0][639.0, 411.0, 729.0, 501.0][729.0, 321.0, 819.0, 411.0][639.0, 231.0, 729.0, 321.0][Combi déjà faite[2.496119798055588
[639.0, 231.0, 729.0, 321.0][729.0, 321.0, 819.0, 411.0][729.0, 321.0, 819.0, 411.0][[Meme cercle
[639.0, 411.0, 729.0, 501.0][549.0, 501.0, 639.0, 591.0][459.0, 591.0, 549.0, 681.0][729.0, 321.0, 819.0, 411.0][Combi déjà faite[3.0718657871871073
[729.0, 321.0, 819.0, 411.0][639.0, 411.0, 729.0, 501.0][549.0, 501.0, 639.0, 591.0][459.0, 591.0, 549.0, 681.0][Combi déjà faite[1.7231710989365183
[639.0, 231.0, 729.0, 321.0][729.0, 321.0, 819.0, 411.0][819.0, 411.0, 909.0, 501.0][909.0, 501.0, 999.0, 591.0][Combi déjà faite[1.8304091647923997
[639.0, 231.0, 729.0, 321.0][729.0, 321.0, 819.0, 411.0][639.0, 411.0, 729.0, 501.0][549.0, 501.0, 639.0, 591.0][Combi déjà faite[1.8402274131467493
[639.0, 231.0, 729.0, 321.0][729.0, 321.0, 819.0, 411.0][819.0, 411.0, 909.0, 501.0][909.0, 501.0, 999.0, 591.0][Combi déjà faite[1.7287337610389386
[729.0, 321.0, 819.0, 411.0][639.0, 411.0, 729.0, 501.0][549.0, 501.0, 639.0, 591.0][459.0, 591.0, 549.0, 681.0][Combi déjà faite[1.9849116021239297
[729.0, 321.0, 819.0, 411.0][819.0, 411.0, 909.0, 501.0][909.0, 501.0, 999.0, 591.0][279.0, 591.0, 369.0, 681.0][Nouvelle combi[2.6052294521193744
[369.0, 501.0, 459.0, 591.0][459.0, 591.0, 549.0, 681.0][549.0, 501.0, 639.0, 591.0][279.0, 591.0, 369.0, 681.0][Combi déjà faite[1.6213787722022062
[369.0, 501.0, 459.0, 591.0][459.0, 591.0, 549.0, 681.0][549.0, 501.0, 639.0, 591.0][639.0, 411.0, 729.0, 501.0][Combi déjà faite[1.9744644312086166
[549.0, 501.0, 639.0, 591.0][639.0, 411.0, 729.0, 501.0][729.0, 321.0, 819.0, 411.0][639.0, 231.0, 729.0, 321.0][Combi déjà faite[1.7141118243184792
[549.0, 501.0, 639.0, 591.0][639.0, 411.0, 729.0, 501.0][729.0, 321.0, 819.0, 411.0]

Bonnes réponses=[ 29.00
Erreurs couleur:[ 0.00
Erreurs répétition:[ 57.00
Erreurs même cercle:[ 1.00
Erreurs à côté:[ 8.00
Erreurs totales:[66
Nombre de réponses:[95
Taux de réussite=[ 30.53
RTmoy reussi sec=[ 1.912
RTmoy deja fait sec=[ 1.772
RTmoy tot sec=[ 1.819
RTmax sec=[ 3.089
RTmin sec=[ 1.326

