
TACHE SPATIALE DIFFICILE FORT GAIN

Coord distracteur bleu 1 [729.0, 321.0, 819.0, 411.0]
Coord distracteur bleu 2 [819.0, 411.0, 909.0, 501.0]
Coord distracteur bleu 3 [369.0, 501.0, 459.0, 591.0]
Coord distracteur rouge 1 [639.0, 591.0, 729.0, 681.0]
Coord distracteur rouge 2 [549.0, 321.0, 639.0, 411.0]

[Coord Cercle 1[Coord Cercle 2[Coord Cercle 3[Coord Cercle 4[Combi[RT
[549.0, 501.0, 639.0, 591.0][639.0, 411.0, 729.0, 501.0][729.0, 501.0, 819.0, 591.0][459.0, 591.0, 549.0, 681.0][Nouvelle combi[7.227936820512809
[819.0, 591.0, 909.0, 681.0][999.0, 591.0, 1089.0, 681.0][909.0, 501.0, 999.0, 591.0][729.0, 501.0, 819.0, 591.0][Nouvelle combi[10.997733333333372
[459.0, 591.0, 549.0, 681.0][279.0, 591.0, 369.0, 681.0][549.0, 501.0, 639.0, 591.0][639.0, 411.0, 729.0, 501.0][Nouvelle combi[2.61748882051279
[459.0, 411.0, 549.0, 501.0][639.0, 231.0, 729.0, 321.0][729.0, 501.0, 819.0, 591.0][909.0, 501.0, 999.0, 591.0][Nouvelle combi[2.3859417435897967
[819.0, 591.0, 909.0, 681.0][999.0, 591.0, 1089.0, 681.0][459.0, 591.0, 549.0, 681.0][549.0, 501.0, 639.0, 591.0][Nouvelle combi[2.5567097435897495
[639.0, 411.0, 729.0, 501.0][639.0, 231.0, 729.0, 321.0][279.0, 591.0, 369.0, 681.0][459.0, 411.0, 549.0, 501.0][Nouvelle combi[5.062599794871858
[549.0, 501.0, 639.0, 591.0][459.0, 591.0, 549.0, 681.0][639.0, 411.0, 729.0, 501.0][729.0, 501.0, 819.0, 591.0][Combi déjà faite[2.309610256410224
[819.0, 591.0, 909.0, 681.0][909.0, 501.0, 999.0, 591.0][999.0, 591.0, 1089.0, 681.0][729.0, 501.0, 819.0, 591.0][Combi déjà faite[4.918339692307654
[639.0, 411.0, 729.0, 501.0][549.0, 501.0, 639.0, 591.0][459.0, 591.0, 549.0, 681.0][279.0, 591.0, 369.0, 681.0][Combi déjà faite[2.2236586666666653
[459.0, 411.0, 549.0, 501.0][639.0, 231.0, 729.0, 321.0][909.0, 501.0, 999.0, 591.0][819.0, 591.0, 909.0, 681.0][Nouvelle combi[1.8342752820512942
[729.0, 501.0, 819.0, 591.0][999.0, 591.0, 1089.0, 681.0][639.0, 411.0, 729.0, 501.0][549.0, 501.0, 639.0, 591.0][Nouvelle combi[1.700744205128217
[459.0, 591.0, 549.0, 681.0][999.0, 591.0, 1089.0, 681.0][909.0, 501.0, 999.0, 591.0][819.0, 591.0, 909.0, 681.0][Nouvelle combi[2.4193374358974324
[729.0, 501.0, 819.0, 591.0][639.0, 411.0, 729.0, 501.0][549.0, 501.0, 639.0, 591.0][459.0, 591.0, 549.0, 681.0][Combi déjà faite[1.6878256410255972
[639.0, 231.0, 729.0, 321.0][459.0, 411.0, 549.0, 501.0][279.0, 591.0, 369.0, 681.0][999.0, 591.0, 1089.0, 681.0][Nouvelle combi[3.2174719999999297
[909.0, 501.0, 999.0, 591.0][819.0, 591.0, 909.0, 681.0][729.0, 501.0, 819.0, 591.0][639.0, 411.0, 729.0, 501.0][Nouvelle combi[2.258546461538458
[549.0, 501.0, 639.0, 591.0][459.0, 591.0, 549.0, 681.0][279.0, 591.0, 369.0, 681.0][639.0, 231.0, 729.0, 321.0][Nouvelle combi[1.6836648205128313
[459.0, 411.0, 549.0, 501.0][639.0, 411.0, 729.0, 501.0][729.0, 501.0, 819.0, 591.0][819.0, 591.0, 909.0, 681.0][Nouvelle combi[1.5677624615384502
[909.0, 501.0, 999.0, 591.0][999.0, 591.0, 1089.0, 681.0][459.0, 591.0, 549.0, 681.0][279.0, 591.0, 369.0, 681.0][Nouvelle combi[4.018030769230791
[549.0, 501.0, 639.0, 591.0][639.0, 411.0, 729.0, 501.0][459.0, 411.0, 549.0, 501.0][729.0, 501.0, 819.0, 591.0][Nouvelle combi[2.030731487179537
[639.0, 231.0, 729.0, 321.0][909.0, 501.0, 999.0, 591.0][819.0, 591.0, 909.0, 681.0][999.0, 591.0, 1089.0, 681.0][Nouvelle combi[1.9497341538461797
[729.0, 501.0, 819.0, 591.0][639.0, 411.0, 729.0, 501.0][549.0, 501.0, 639.0, 591.0][459.0, 411.0, 549.0, 501.0][Combi déjà faite[1.8640898461538882
[459.0, 591.0, 549.0, 681.0][279.0, 591.0, 369.0, 681.0][999.0, 591.0, 1089.0, 681.0][909.0, 501.0, 999.0, 591.0][Combi déjà faite[2.7748882051282635
[819.0, 591.0, 909.0, 681.0][729.0, 501.0, 819.0, 591.0][639.0, 411.0, 729.0, 501.0][639.0, 231.0, 729.0, 321.0][Nouvelle combi[1.2862182564101658
[534, 404[[[[A cote
[549.0, 501.0, 639.0, 591.0][459.0, 591.0, 549.0, 681.0][279.0, 591.0, 369.0, 681.0][999.0, 591.0, 1089.0, 681.0][Nouvelle combi[2.4987774358974093
[909.0, 501.0, 999.0, 591.0][819.0, 591.0, 909.0, 681.0][729.0, 501.0, 819.0, 591.0][639.0, 411.0, 729.0, 501.0][Combi déjà faite[1.4570166153846458
[549.0, 501.0, 639.0, 591.0][459.0, 591.0, 549.0, 681.0][639.0, 231.0, 729.0, 321.0][459.0, 411.0, 549.0, 501.0][Nouvelle combi[1.6060508717947641
[279.0, 591.0, 369.0, 681.0][999.0, 591.0, 1089.0, 681.0][909.0, 501.0, 999.0, 591.0][819.0, 591.0, 909.0, 681.0][Nouvelle combi[2.873220102564119
[729.0, 501.0, 819.0, 591.0][639.0, 411.0, 729.0, 501.0][639.0, 231.0, 729.0, 321.0][549.0, 501.0, 639.0, 591.0][Nouvelle combi[1.6802178461538233
[459.0, 591.0, 549.0, 681.0][459.0, 411.0, 549.0, 501.0][279.0, 591.0, 369.0, 681.0][819.0, 591.0, 909.0, 681.0][Nouvelle combi[2.0626342564103197
[999.0, 591.0, 1089.0, 681.0][909.0, 501.0, 999.0, 591.0][729.0, 501.0, 819.0, 591.0][639.0, 411.0, 729.0, 501.0][Nouvelle combi[1.2782748717947925
[639.0, 231.0, 729.0, 321.0][549.0, 501.0, 639.0, 591.0][459.0, 411.0, 549.0, 501.0][459.0, 591.0, 549.0, 681.0][Combi déjà faite[1.708872615384621
[279.0, 591.0, 369.0, 681.0][999.0, 591.0, 1089.0, 681.0][909.0, 501.0, 999.0, 591.0][819.0, 591.0, 909.0, 681.0][Combi déjà faite[2.4898654358974
[729.0, 501.0, 819.0, 591.0][639.0, 411.0, 729.0, 501.0][549.0, 501.0, 639.0, 591.0][459.0, 591.0, 549.0, 681.0][Combi déjà faite[1.404389743589718
[639.0, 231.0, 729.0, 321.0][459.0, 411.0, 549.0, 501.0][279.0, 591.0, 369.0, 681.0][999.0, 591.0, 1089.0, 681.0][Combi déjà faite[2.975107692307688
[909.0, 501.0, 999.0, 591.0][819.0, 591.0, 909.0, 681.0][729.0, 501.0, 819.0, 591.0][999.0, 591.0, 1089.0, 681.0][Combi déjà faite[1.7741604102563997
[549.0, 501.0, 639.0, 591.0][639.0, 411.0, 729.0, 501.0][639.0, 231.0, 729.0, 321.0][459.0, 411.0, 549.0, 501.0][Nouvelle combi[2.183312410256349
[459.0, 591.0, 549.0, 681.0][729.0, 501.0, 819.0, 591.0][279.0, 591.0, 369.0, 681.0][819.0, 591.0, 909.0, 681.0][Nouvelle combi[2.241109743589732
[909.0, 501.0, 999.0, 591.0][999.0, 591.0, 1089.0, 681.0][459.0, 591.0, 549.0, 681.0][549.0, 501.0, 639.0, 591.0][Nouvelle combi[3.657868307692297
[639.0, 411.0, 729.0, 501.0][729.0, 501.0, 819.0, 591.0][819.0, 591.0, 909.0, 681.0][909.0, 501.0, 999.0, 591.0][Combi déjà faite[1.6833985641026175
[999.0, 591.0, 1089.0, 681.0][639.0, 231.0, 729.0, 321.0][459.0, 411.0, 549.0, 501.0][459.0, 591.0, 549.0, 681.0][Nouvelle combi[1.6523368205128008
[999.0, 591.0, 1089.0, 681.0][909.0, 501.0, 999.0, 591.0][819.0, 591.0, 909.0, 681.0][729.0, 501.0, 819.0, 591.0][Combi déjà faite[2.646307282051339
[639.0, 411.0, 729.0, 501.0][639.0, 231.0, 729.0, 321.0][549.0, 501.0, 639.0, 591.0][459.0, 411.0, 549.0, 501.0][Combi déjà faite[1.442187897435815
[459.0, 591.0, 549.0, 681.0][279.0, 591.0, 369.0, 681.0][819.0, 591.0, 909.0, 681.0][999.0, 591.0, 1089.0, 681.0][Nouvelle combi[1.9855864615385599
[909.0, 501.0, 999.0, 591.0][729.0, 501.0, 819.0, 591.0][549.0, 501.0, 639.0, 591.0][459.0, 591.0, 549.0, 681.0][Nouvelle combi[1.7863212307693175
[639.0, 411.0, 729.0, 501.0][639.0, 231.0, 729.0, 321.0][459.0, 411.0, 549.0, 501.0][279.0, 591.0, 369.0, 681.0][Combi déjà faite[1.578210461538447
[279.0, 591.0, 369.0, 681.0][459.0, 591.0, 549.0, 681.0][549.0, 501.0, 639.0, 591.0][639.0, 411.0, 729.0, 501.0][Combi déjà faite[4.125381743589742
[639.0, 231.0, 729.0, 321.0][459.0, 411.0, 549.0, 501.0][729.0, 501.0, 819.0, 591.0][909.0, 501.0, 999.0, 591.0][Combi déjà faite[2.1376906666666855
[819.0, 591.0, 909.0, 681.0][999.0, 591.0, 1089.0, 681.0][909.0, 501.0, 999.0, 591.0][729.0, 501.0, 819.0, 591.0][Combi déjà faite[2.6998728205128373
[819.0, 591.0, 909.0, 681.0][999.0, 591.0, 1089.0, 681.0][549.0, 501.0, 639.0, 591.0][459.0, 591.0, 549.0, 681.0][Combi déjà faite[1.7004656410256302
[639.0, 411.0, 729.0, 501.0][459.0, 411.0, 549.0, 501.0][639.0, 231.0, 729.0, 321.0][279.0, 591.0, 369.0, 681.0][Combi déjà faite[1.7478256410256563
[729.0, 501.0, 819.0, 591.0][909.0, 501.0, 999.0, 591.0][819.0, 591.0, 909.0, 681.0][999.0, 591.0, 1089.0, 681.0][Combi déjà faite[1.9239298461538965
[549.0, 501.0, 639.0, 591.0][639.0, 411.0, 729.0, 501.0][639.0, 231.0, 729.0, 321.0][459.0, 411.0, 549.0, 501.0][Combi déjà faite[1.9172689230769038
[279.0, 591.0, 369.0, 681.0][459.0, 591.0, 549.0, 681.0][729.0, 501.0, 819.0, 591.0][909.0, 501.0, 999.0, 591.0][Nouvelle combi[1.6915565128205117
[999.0, 591.0, 1089.0, 681.0][279.0, 591.0, 369.0, 681.0][459.0, 591.0, 549.0, 681.0][549.0, 501.0, 639.0, 591.0][Combi déjà faite[3.7702268717948755
[639.0, 411.0, 729.0, 501.0][459.0, 411.0, 549.0, 501.0][639.0, 231.0, 729.0, 321.0][729.0, 501.0, 819.0, 591.0][Nouvelle combi[1.6458063589743688
[909.0, 501.0, 999.0, 591.0][999.0, 591.0, 1089.0, 681.0][279.0, 591.0, 369.0, 681.0][459.0, 591.0, 549.0, 681.0][Combi déjà faite[1.9770059487179878
[549.0, 501.0, 639.0, 591.0][639.0, 231.0, 729.0, 321.0][528, 391[[A cote
[639.0, 411.0, 729.0, 501.0]
30 sec
[729.0, 501.0, 819.0, 591.0][639.0, 231.0, 729.0, 321.0][819.0, 591.0, 909.0, 681.0][Combi déjà faite[2.2687811282050916
[909.0, 501.0, 999.0, 591.0][999.0, 591.0, 1089.0, 681.0][279.0, 591.0, 369.0, 681.0][279.0, 591.0, 369.0, 681.0][Meme cercle
[459.0, 591.0, 549.0, 681.0][549.0, 501.0, 639.0, 591.0][639.0, 411.0, 729.0, 501.0][459.0, 411.0, 549.0, 501.0][Nouvelle combi[1.3540082051281388
[729.0, 501.0, 819.0, 591.0][639.0, 231.0, 729.0, 321.0][909.0, 501.0, 999.0, 591.0][819.0, 591.0, 909.0, 681.0][Nouvelle combi[2.016733948717956
[459.0, 591.0, 549.0, 681.0][549.0, 501.0, 639.0, 591.0][639.0, 411.0, 729.0, 501.0][639.0, 231.0, 729.0, 321.0][Nouvelle combi[2.005458051282062
[459.0, 411.0, 549.0, 501.0][279.0, 591.0, 369.0, 681.0][729.0, 501.0, 819.0, 591.0][819.0, 591.0, 909.0, 681.0][Nouvelle combi[1.9559798974358955
[909.0, 501.0, 999.0, 591.0][999.0, 591.0, 1089.0, 681.0][459.0, 591.0, 549.0, 681.0][549.0, 501.0, 639.0, 591.0][Combi déjà faite[1.6205755897435665
[639.0, 411.0, 729.0, 501.0][639.0, 231.0, 729.0, 321.0][459.0, 411.0, 549.0, 501.0][279.0, 591.0, 369.0, 681.0][Combi déjà faite[1.433589333333316
[999.0, 591.0, 1089.0, 681.0][909.0, 501.0, 999.0, 591.0][819.0, 591.0, 909.0, 681.0][729.0, 501.0, 819.0, 591.0][Combi déjà faite[2.549450666666644
[459.0, 591.0, 549.0, 681.0][549.0, 501.0, 639.0, 591.0][639.0, 411.0, 729.0, 501.0][639.0, 231.0, 729.0, 321.0][Combi déjà faite[1.2805513846153644
[459.0, 411.0, 549.0, 501.0][279.0, 591.0, 369.0, 681.0][459.0, 591.0, 549.0, 681.0][549.0, 501.0, 639.0, 591.0][Nouvelle combi[2.9260820512820374
[639.0, 411.0, 729.0, 501.0][639.0, 231.0, 729.0, 321.0][459.0, 411.0, 549.0, 501.0][279.0, 591.0, 369.0, 681.0][Combi déjà faite[1.377345641025613
[729.0, 501.0, 819.0, 591.0][819.0, 591.0, 909.0, 681.0][909.0, 501.0, 999.0, 591.0][999.0, 591.0, 1089.0, 681.0][Combi déjà faite[1.6364196923076406
[729.0, 501.0, 819.0, 591.0][639.0, 411.0, 729.0, 501.0][549.0, 501.0, 639.0, 591.0][459.0, 591.0, 549.0, 681.0][Combi déjà faite[2.139113435897457
[279.0, 591.0, 369.0, 681.0][459.0, 411.0, 549.0, 501.0][639.0, 231.0, 729.0, 321.0][639.0, 411.0, 729.0, 501.0][Combi déjà faite[1.621916717948693
[909.0, 501.0, 999.0, 591.0][819.0, 591.0, 909.0, 681.0]

Bonnes réponses=[ 36.00
Erreurs couleur:[ 0.00
Erreurs répétition:[ 34.00
Erreurs même cercle:[ 1.00
Erreurs à côté:[ 2.00
Erreurs totales:[37
Nombre de réponses:[73
Taux de réussite=[ 49.32
RTmoy reussi sec=[ 2.609
RTmoy deja fait sec=[ 2.143
RTmoy tot sec=[ 2.383
RTmax sec=[ 10.998
RTmin sec=[ 1.278

