
TACHE SPATIALE DIFFICILE FAIBLE GAIN

Coord distracteur bleu 1 [639.0, 231.0, 729.0, 321.0]
Coord distracteur bleu 2 [819.0, 591.0, 909.0, 681.0]
Coord distracteur bleu 3 [729.0, 321.0, 819.0, 411.0]
Coord distracteur rouge 1 [549.0, 321.0, 639.0, 411.0]
Coord distracteur rouge 2 [819.0, 411.0, 909.0, 501.0]

[Coord Cercle 1[Coord Cercle 2[Coord Cercle 3[Coord Cercle 4[Combi[RT
[819.0, 591.0, 909.0, 681.0][[[[Distracteur Bleu
[729.0, 321.0, 819.0, 411.0][[[[Distracteur Bleu
[639.0, 231.0, 729.0, 321.0][[[[Distracteur Bleu
[549.0, 321.0, 639.0, 411.0][[[[Distracteur Rouge
[819.0, 411.0, 909.0, 501.0][[[[Distracteur Rouge
[819.0, 591.0, 909.0, 681.0][[[[Distracteur Bleu
[729.0, 321.0, 819.0, 411.0][[[[Distracteur Bleu
[639.0, 231.0, 729.0, 321.0][[[[Distracteur Bleu
[549.0, 321.0, 639.0, 411.0][[[[Distracteur Rouge
[819.0, 591.0, 909.0, 681.0][[[[Distracteur Bleu
[729.0, 321.0, 819.0, 411.0][[[[Distracteur Bleu
[639.0, 231.0, 729.0, 321.0][[[[Distracteur Bleu
[549.0, 321.0, 639.0, 411.0][[[[Distracteur Rouge
[819.0, 411.0, 909.0, 501.0][[[[Distracteur Rouge
[819.0, 591.0, 909.0, 681.0][[[[Distracteur Bleu
[639.0, 231.0, 729.0, 321.0][[[[Distracteur Bleu
[729.0, 321.0, 819.0, 411.0][[[[Distracteur Bleu
[549.0, 321.0, 639.0, 411.0][[[[Distracteur Rouge
[819.0, 411.0, 909.0, 501.0][[[[Distracteur Rouge
[819.0, 591.0, 909.0, 681.0][[[[Distracteur Bleu
[819.0, 591.0, 909.0, 681.0][[[[Distracteur Bleu
[729.0, 321.0, 819.0, 411.0][[[[Distracteur Bleu
[639.0, 231.0, 729.0, 321.0][[[[Distracteur Bleu
[549.0, 321.0, 639.0, 411.0][[[[Distracteur Rouge
[819.0, 591.0, 909.0, 681.0][[[[Distracteur Bleu
[639.0, 231.0, 729.0, 321.0][[[[Distracteur Bleu
[729.0, 321.0, 819.0, 411.0][[[[Distracteur Bleu
[549.0, 321.0, 639.0, 411.0][[[[Distracteur Rouge
[819.0, 411.0, 909.0, 501.0][[[[Distracteur Rouge
[819.0, 591.0, 909.0, 681.0][[[[Distracteur Bleu
[729.0, 321.0, 819.0, 411.0][[[[Distracteur Bleu
[639.0, 231.0, 729.0, 321.0][[[[Distracteur Bleu
[549.0, 321.0, 639.0, 411.0][[[[Distracteur Rouge
[819.0, 411.0, 909.0, 501.0][[[[Distracteur Rouge
[549.0, 321.0, 639.0, 411.0][[[[Distracteur Rouge
[639.0, 231.0, 729.0, 321.0][[[[Distracteur Bleu
[729.0, 321.0, 819.0, 411.0][[[[Distracteur Bleu
[819.0, 591.0, 909.0, 681.0][[[[Distracteur Bleu
[729.0, 321.0, 819.0, 411.0][[[[Distracteur Bleu
[639.0, 231.0, 729.0, 321.0][[[[Distracteur Bleu
[549.0, 321.0, 639.0, 411.0][[[[Distracteur Rouge
[819.0, 591.0, 909.0, 681.0][[[[Distracteur Bleu
[729.0, 321.0, 819.0, 411.0][[[[Distracteur Bleu
[639.0, 231.0, 729.0, 321.0][[[[Distracteur Bleu
[549.0, 321.0, 639.0, 411.0][[[[Distracteur Rouge
[819.0, 591.0, 909.0, 681.0][[[[Distracteur Bleu
[729.0, 321.0, 819.0, 411.0][[[[Distracteur Bleu
[639.0, 231.0, 729.0, 321.0][[[[Distracteur Bleu
[549.0, 321.0, 639.0, 411.0][[[[Distracteur Rouge
[819.0, 411.0, 909.0, 501.0][[[[Distracteur Rouge
[819.0, 591.0, 909.0, 681.0][[[[Distracteur Bleu
[751, 334[[[[A cote
[639.0, 231.0, 729.0, 321.0][[[[Distracteur Bleu
[549.0, 321.0, 639.0, 411.0][[[[Distracteur Rouge
[819.0, 591.0, 909.0, 681.0][[[[Distracteur Bleu
[729.0, 321.0, 819.0, 411.0][[[[Distracteur Bleu
[639.0, 231.0, 729.0, 321.0][[[[Distracteur Bleu
[819.0, 411.0, 909.0, 501.0][[[[Distracteur Rouge
[549.0, 321.0, 639.0, 411.0][[[[Distracteur Rouge
[639.0, 231.0, 729.0, 321.0][[[[Distracteur Bleu
[729.0, 321.0, 819.0, 411.0][[[[Distracteur Bleu
[819.0, 591.0, 909.0, 681.0][[[[Distracteur Bleu
[729.0, 321.0, 819.0, 411.0][[[[Distracteur Bleu
[639.0, 231.0, 729.0, 321.0][[[[Distracteur Bleu
[549.0, 321.0, 639.0, 411.0][[[[Distracteur Rouge
[999.0, 591.0, 1089.0, 681.0][909.0, 501.0, 999.0, 591.0][729.0, 501.0, 819.0, 591.0][639.0, 591.0, 729.0, 681.0][Nouvelle combi[7.369656205128194
[459.0, 591.0, 549.0, 681.0][549.0, 501.0, 639.0, 591.0][639.0, 411.0, 729.0, 501.0][459.0, 411.0, 549.0, 501.0][Nouvelle combi[1.2491122051283128
[369.0, 501.0, 459.0, 591.0][279.0, 591.0, 369.0, 681.0][999.0, 591.0, 1089.0, 681.0][909.0, 501.0, 999.0, 591.0][Nouvelle combi[1.650969846154112
[729.0, 501.0, 819.0, 591.0][639.0, 591.0, 729.0, 681.0][639.0, 411.0, 729.0, 501.0][549.0, 501.0, 639.0, 591.0][Nouvelle combi[1.1913316923078128
[459.0, 591.0, 549.0, 681.0][459.0, 411.0, 549.0, 501.0][369.0, 501.0, 459.0, 591.0][279.0, 591.0, 369.0, 681.0][Nouvelle combi[0.8878235897432205
[999.0, 591.0, 1089.0, 681.0][909.0, 501.0, 999.0, 591.0][729.0, 501.0, 819.0, 591.0][639.0, 411.0, 729.0, 501.0][Nouvelle combi[1.713138871794854
[549.0, 501.0, 639.0, 591.0][459.0, 411.0, 549.0, 501.0][459.0, 591.0, 549.0, 681.0][369.0, 501.0, 459.0, 591.0][Nouvelle combi[1.2341747692307763
[279.0, 591.0, 369.0, 681.0][639.0, 591.0, 729.0, 681.0][999.0, 591.0, 1089.0, 681.0][909.0, 501.0, 999.0, 591.0][Nouvelle combi[1.922536205128381
[729.0, 501.0, 819.0, 591.0][639.0, 411.0, 729.0, 501.0][549.0, 501.0, 639.0, 591.0][459.0, 411.0, 549.0, 501.0][Nouvelle combi[1.1548352820514083
[459.0, 591.0, 549.0, 681.0][369.0, 501.0, 459.0, 591.0][279.0, 591.0, 369.0, 681.0][639.0, 591.0, 729.0, 681.0][Nouvelle combi[2.231243487179654
[729.0, 501.0, 819.0, 591.0][909.0, 501.0, 999.0, 591.0][999.0, 591.0, 1089.0, 681.0][459.0, 411.0, 549.0, 501.0][Nouvelle combi[2.1790219487179456
[549.0, 501.0, 639.0, 591.0][639.0, 411.0, 729.0, 501.0][639.0, 591.0, 729.0, 681.0][459.0, 591.0, 549.0, 681.0][Nouvelle combi[1.2685919999998987
[729.0, 501.0, 819.0, 591.0][369.0, 501.0, 459.0, 591.0][909.0, 501.0, 999.0, 591.0][279.0, 591.0, 369.0, 681.0][Nouvelle combi[2.120157128204937
[459.0, 411.0, 549.0, 501.0][549.0, 501.0, 639.0, 591.0][639.0, 411.0, 729.0, 501.0][459.0, 591.0, 549.0, 681.0][Combi déjà faite[1.5099491282048803
[729.0, 501.0, 819.0, 591.0][639.0, 591.0, 729.0, 681.0][909.0, 501.0, 999.0, 591.0][999.0, 591.0, 1089.0, 681.0][Combi déjà faite[1.5099622564102901
[279.0, 591.0, 369.0, 681.0][369.0, 501.0, 459.0, 591.0][459.0, 411.0, 549.0, 501.0][683, 413[A cote
[549.0, 501.0, 639.0, 591.0][459.0, 591.0, 549.0, 681.0][729.0, 501.0, 819.0, 591.0][639.0, 591.0, 729.0, 681.0][Nouvelle combi[1.6369497435898666
[639.0, 411.0, 729.0, 501.0][909.0, 501.0, 999.0, 591.0][999.0, 591.0, 1089.0, 681.0][999.0, 591.0, 1089.0, 681.0][Meme cercle
[909.0, 501.0, 999.0, 591.0][729.0, 501.0, 819.0, 591.0][639.0, 591.0, 729.0, 681.0][639.0, 411.0, 729.0, 501.0][Nouvelle combi[1.0632701538461333
[549.0, 501.0, 639.0, 591.0][459.0, 591.0, 549.0, 681.0][459.0, 411.0, 549.0, 501.0][369.0, 501.0, 459.0, 591.0][Combi déjà faite[1.1917604102563928
[277, 659[[[[A cote
[459.0, 591.0, 549.0, 681.0][549.0, 501.0, 639.0, 591.0][639.0, 411.0, 729.0, 501.0][639.0, 591.0, 729.0, 681.0][Combi déjà faite[1.202900923076868
[729.0, 501.0, 819.0, 591.0][909.0, 501.0, 999.0, 591.0][999.0, 591.0, 1089.0, 681.0][729.0, 501.0, 819.0, 591.0][Meme cercle
[639.0, 411.0, 729.0, 501.0][549.0, 501.0, 639.0, 591.0][639.0, 591.0, 729.0, 681.0][459.0, 591.0, 549.0, 681.0][Combi déjà faite[1.0386260512818808
[459.0, 411.0, 549.0, 501.0][369.0, 501.0, 459.0, 591.0][279.0, 591.0, 369.0, 681.0][999.0, 591.0, 1089.0, 681.0][Nouvelle combi[1.5791528205131726
[909.0, 501.0, 999.0, 591.0][729.0, 501.0, 819.0, 591.0][639.0, 591.0, 729.0, 681.0][639.0, 411.0, 729.0, 501.0][Combi déjà faite[1.1304968205131445
[549.0, 501.0, 639.0, 591.0][459.0, 591.0, 549.0, 681.0][459.0, 411.0, 549.0, 501.0][369.0, 501.0, 459.0, 591.0][Combi déjà faite[1.1206223589742876
[279.0, 591.0, 369.0, 681.0][999.0, 591.0, 1089.0, 681.0][909.0, 501.0, 999.0, 591.0][729.0, 501.0, 819.0, 591.0][Nouvelle combi[2.544695384615352
[639.0, 591.0, 729.0, 681.0][639.0, 411.0, 729.0, 501.0][549.0, 501.0, 639.0, 591.0][459.0, 591.0, 549.0, 681.0][Combi déjà faite[1.029587282051125
[496, 407[[[[A cote
[369.0, 501.0, 459.0, 591.0][279.0, 591.0, 369.0, 681.0][909.0, 501.0, 999.0, 591.0][729.0, 501.0, 819.0, 591.0][Combi déjà faite[2.148175999999694
[639.0, 411.0, 729.0, 501.0][549.0, 501.0, 639.0, 591.0][639.0, 591.0, 729.0, 681.0][459.0, 411.0, 549.0, 501.0][Nouvelle combi[1.9613932307693176
[369.0, 501.0, 459.0, 591.0][459.0, 591.0, 549.0, 681.0][279.0, 591.0, 369.0, 681.0][999.0, 591.0, 1089.0, 681.0][Nouvelle combi[2.118210461538638
[909.0, 501.0, 999.0, 591.0][729.0, 501.0, 819.0, 591.0][639.0, 411.0, 729.0, 501.0][639.0, 591.0, 729.0, 681.0][Combi déjà faite[1.7571273846156146
[549.0, 501.0, 639.0, 591.0][459.0, 591.0, 549.0, 681.0][459.0, 411.0, 549.0, 501.0][369.0, 501.0, 459.0, 591.0][Combi déjà faite[1.0639150769229673
[279.0, 591.0, 369.0, 681.0][999.0, 591.0, 1089.0, 681.0][909.0, 501.0, 999.0, 591.0][729.0, 501.0, 819.0, 591.0][Combi déjà faite[1.674055794871947
[639.0, 411.0, 729.0, 501.0][549.0, 501.0, 639.0, 591.0][639.0, 591.0, 729.0, 681.0][459.0, 411.0, 549.0, 501.0][Combi déjà faite[1.3392041025640538
[459.0, 591.0, 549.0, 681.0][369.0, 501.0, 459.0, 591.0][279.0, 591.0, 369.0, 681.0][999.0, 591.0, 1089.0, 681.0][Combi déjà faite[1.4912434871794176
[909.0, 501.0, 999.0, 591.0][729.0, 501.0, 819.0, 591.0][639.0, 591.0, 729.0, 681.0][639.0, 411.0, 729.0, 501.0][Combi déjà faite[1.0135327179486922
[549.0, 501.0, 639.0, 591.0][459.0, 411.0, 549.0, 501.0][369.0, 501.0, 459.0, 591.0][459.0, 591.0, 549.0, 681.0][Combi déjà faite[1.366312615384686
[279.0, 591.0, 369.0, 681.0][999.0, 591.0, 1089.0, 681.0][909.0, 501.0, 999.0, 591.0][729.0, 501.0, 819.0, 591.0][Combi déjà faite[1.9747483076921526
[639.0, 591.0, 729.0, 681.0][639.0, 411.0, 729.0, 501.0][549.0, 501.0, 639.0, 591.0][459.0, 411.0, 549.0, 501.0][Combi déjà faite[1.1247803076921628
[459.0, 591.0, 549.0, 681.0][369.0, 501.0, 459.0, 591.0][279.0, 591.0, 369.0, 681.0][999.0, 591.0, 1089.0, 681.0][Combi déjà faite[1.4573710769232093
[909.0, 501.0, 999.0, 591.0][729.0, 501.0, 819.0, 591.0][639.0, 591.0, 729.0, 681.0][639.0, 411.0, 729.0, 501.0][Combi déjà faite[1.1387881025639217
[549.0, 501.0, 639.0, 591.0][459.0, 411.0, 549.0, 501.0][459.0, 591.0, 549.0, 681.0][369.0, 501.0, 459.0, 591.0][Combi déjà faite[1.2945981538459819
[279.0, 591.0, 369.0, 681.0][639.0, 411.0, 729.0, 501.0][729.0, 501.0, 819.0, 591.0][639.0, 591.0, 729.0, 681.0][Nouvelle combi[1.362564512820427
[909.0, 501.0, 999.0, 591.0][999.0, 591.0, 1089.0, 681.0][549.0, 501.0, 639.0, 591.0][639.0, 591.0, 729.0, 681.0][Nouvelle combi[2.614947282051162
[729.0, 501.0, 819.0, 591.0][639.0, 411.0, 729.0, 501.0][909.0, 501.0, 999.0, 591.0][999.0, 591.0, 1089.0, 681.0][Combi déjà faite[1.546355282051536
[999.0, 591.0, 1089.0, 681.0][909.0, 501.0, 999.0, 591.0][729.0, 501.0, 819.0, 591.0][639.0, 591.0, 729.0, 681.0][Combi déjà faite[4.533743999999842
[639.0, 411.0, 729.0, 501.0][549.0, 501.0, 639.0, 591.0][459.0, 591.0, 549.0, 681.0][459.0, 411.0, 549.0, 501.0][Combi déjà faite[0.9197579487181429
[369.0, 501.0, 459.0, 591.0][279.0, 591.0, 369.0, 681.0][999.0, 591.0, 1089.0, 681.0][909.0, 501.0, 999.0, 591.0][Combi déjà faite[1.8992418461539273
[729.0, 501.0, 819.0, 591.0][639.0, 411.0, 729.0, 501.0][639.0, 591.0, 729.0, 681.0][549.0, 501.0, 639.0, 591.0][Combi déjà faite[1.0637755897437273
[459.0, 591.0, 549.0, 681.0][459.0, 411.0, 549.0, 501.0][369.0, 501.0, 459.0, 591.0][279.0, 591.0, 369.0, 681.0][Combi déjà faite[0.9530863589743603
[639.0, 411.0, 729.0, 501.0][549.0, 501.0, 639.0, 591.0][639.0, 591.0, 729.0, 681.0][729.0, 501.0, 819.0, 591.0][Combi déjà faite[1.3371450256413482
[909.0, 501.0, 999.0, 591.0][1027, 589[[[A cote
[999.0, 591.0, 1089.0, 681.0][909.0, 501.0, 999.0, 591.0][729.0, 501.0, 819.0, 591.0][639.0, 411.0, 729.0, 501.0][Combi déjà faite[9.805414974359337
[639.0, 591.0, 729.0, 681.0][549.0, 501.0, 639.0, 591.0][459.0, 411.0, 549.0, 501.0][421, 508[A cote
[459.0, 591.0, 549.0, 681.0][279.0, 591.0, 369.0, 681.0]
30 sec
[999.0, 591.0, 1089.0, 681.0][909.0, 501.0, 999.0, 591.0][Nouvelle combi[1.4640036923078696
[729.0, 501.0, 819.0, 591.0][639.0, 411.0, 729.0, 501.0][639.0, 591.0, 729.0, 681.0][549.0, 501.0, 639.0, 591.0][Combi déjà faite[1.0206166153843697
[459.0, 411.0, 549.0, 501.0][369.0, 501.0, 459.0, 591.0][459.0, 591.0, 549.0, 681.0][279.0, 591.0, 369.0, 681.0][Combi déjà faite[0.9168131282049217
[549.0, 501.0, 639.0, 591.0][639.0, 591.0, 729.0, 681.0][729.0, 501.0, 819.0, 591.0][639.0, 411.0, 729.0, 501.0][Combi déjà faite[1.748655589743521
[909.0, 501.0, 999.0, 591.0][999.0, 591.0, 1089.0, 681.0][459.0, 591.0, 549.0, 681.0][549.0, 501.0, 639.0, 591.0][Nouvelle combi[1.6404008205126956
[639.0, 411.0, 729.0, 501.0][459.0, 411.0, 549.0, 501.0][369.0, 501.0, 459.0, 591.0][279.0, 591.0, 369.0, 681.0][Nouvelle combi[0.8417714871798125
[639.0, 591.0, 729.0, 681.0][729.0, 501.0, 819.0, 591.0][909.0, 501.0, 999.0, 591.0][999.0, 591.0, 1089.0, 681.0][Combi déjà faite[1.4722473846150024
[639.0, 411.0, 729.0, 501.0][549.0, 501.0, 639.0, 591.0][459.0, 591.0, 549.0, 681.0][999.0, 591.0, 1089.0, 681.0][Nouvelle combi[1.4470211282050514
[909.0, 501.0, 999.0, 591.0][729.0, 501.0, 819.0, 591.0][639.0, 591.0, 729.0, 681.0][639.0, 411.0, 729.0, 501.0][Combi déjà faite[0.9682560000001104
[549.0, 501.0, 639.0, 591.0][459.0, 411.0, 549.0, 501.0][459.0, 591.0, 549.0, 681.0][369.0, 501.0, 459.0, 591.0][Combi déjà faite[1.5680008205126796
[279.0, 591.0, 369.0, 681.0][729.0, 501.0, 819.0, 591.0][909.0, 501.0, 999.0, 591.0][999.0, 591.0, 1089.0, 681.0][Combi déjà faite[1.566077538461741
[639.0, 591.0, 729.0, 681.0][639.0, 411.0, 729.0, 501.0][549.0, 501.0, 639.0, 591.0][459.0, 411.0, 549.0, 501.0][Combi déjà faite[1.142521846154068
[459.0, 591.0, 549.0, 681.0][369.0, 501.0, 459.0, 591.0][279.0, 591.0, 369.0, 681.0][999.0, 591.0, 1089.0, 681.0][Combi déjà faite[1.4398847179486438
[909.0, 501.0, 999.0, 591.0][939, 416[[[A cote
[729.0, 501.0, 819.0, 591.0][639.0, 411.0, 729.0, 501.0][639.0, 591.0, 729.0, 681.0][549.0, 501.0, 639.0, 591.0][Combi déjà faite[0.9173587692307592
[459.0, 591.0, 549.0, 681.0][459.0, 411.0, 549.0, 501.0][369.0, 501.0, 459.0, 591.0][279.0, 591.0, 369.0, 681.0][Combi déjà faite[1.161507692307623
[999.0, 591.0, 1089.0, 681.0][909.0, 501.0, 999.0, 591.0][729.0, 501.0, 819.0, 591.0][639.0, 591.0, 729.0, 681.0][Combi déjà faite[1.7351216410256711
[639.0, 411.0, 729.0, 501.0][549.0, 501.0, 639.0, 591.0][459.0, 591.0, 549.0, 681.0][459.0, 411.0, 549.0, 501.0][Combi déjà faite[1.015440000000126
[369.0, 501.0, 459.0, 591.0][279.0, 591.0, 369.0, 681.0][999.0, 591.0, 1089.0, 681.0][909.0, 501.0, 999.0, 591.0][Combi déjà faite[1.8381169230769956
[729.0, 501.0, 819.0, 591.0][639.0, 591.0, 729.0, 681.0][639.0, 411.0, 729.0, 501.0][549.0, 501.0, 639.0, 591.0][Combi déjà faite[1.7863130256409931
[459.0, 591.0, 549.0, 681.0][459.0, 411.0, 549.0, 501.0][369.0, 501.0, 459.0, 591.0][279.0, 591.0, 369.0, 681.0]

Bonnes réponses=[ 25.00
Erreurs couleur:[ 64.00
Erreurs répétition:[ 44.00
Erreurs même cercle:[ 2.00
Erreurs à côté:[ 7.00
Erreurs totales:[117
Nombre de réponses:[142
Taux de réussite=[ 17.61
RTmoy reussi sec=[ 1.858
RTmoy deja fait sec=[ 1.641
RTmoy tot sec=[ 1.720
RTmax sec=[ 7.370
RTmin sec=[ 0.842

[Combi déjà faite[1.2759249230766727
[999.0, 591.0, 1089.0, 681.0][909.0, 501.0, 999.0, 591.0][729.0, 501.0, 819.0, 591.0][639.0, 411.0, 729.0, 501.0][Combi déjà faite[3.258002051281892
[639.0, 591.0, 729.0, 681.0][549.0, 501.0, 639.0, 591.0][459.0, 591.0, 549.0, 681.0][459.0, 411.0, 549.0, 501.0][Nouvelle combi[1.1092229743589996
[369.0, 501.0, 459.0, 591.0][279.0, 591.0, 369.0, 681.0][909.0, 501.0, 999.0, 591.0][999.0, 591.0, 1089.0, 681.0][Combi déjà faite[2.5541599999996834
[729.0, 501.0, 819.0, 591.0][639.0, 591.0, 729.0, 681.0][639.0, 411.0, 729.0, 501.0][549.0, 501.0, 639.0, 591.0][Combi déjà faite[1.5845546666664632
[459.0, 411.0, 549.0, 501.0][459.0, 591.0, 549.0, 681.0][369.0, 501.0, 459.0, 591.0][279.0, 591.0, 369.0, 681.0][Combi déjà faite[0.9908205128203917
[999.0, 591.0, 1089.0, 681.0][909.0, 501.0, 999.0, 591.0][729.0, 501.0, 819.0, 591.0][639.0, 411.0, 729.0, 501.0][Combi déjà faite[2.563737435897565
[639.0, 591.0, 729.0, 681.0][549.0, 501.0, 639.0, 591.0][459.0, 411.0, 549.0, 501.0][459.0, 591.0, 549.0, 681.0][369.0, 501.0, 459.0, 591.0][Combi déjà faite[1.1995938461536753
[Nouvelle combi[1.3581501538460543
[279.0, 591.0, 369.0, 681.0]