
TACHE SPATIALE DIFFICILE FAIBLE GAIN

Coord distracteur bleu 1 [909.0, 501.0, 999.0, 591.0]
Coord distracteur bleu 2 [279.0, 591.0, 369.0, 681.0]
Coord distracteur bleu 3 [459.0, 411.0, 549.0, 501.0]
Coord distracteur rouge 1 [549.0, 501.0, 639.0, 591.0]
Coord distracteur rouge 2 [639.0, 411.0, 729.0, 501.0]

[Coord Cercle 1[Coord Cercle 2[Coord Cercle 3[Coord Cercle 4[Combi[RT
[999.0, 591.0, 1089.0, 681.0][819.0, 411.0, 909.0, 501.0][729.0, 321.0, 819.0, 411.0][639.0, 231.0, 729.0, 321.0][Nouvelle combi[2.4643030182937764
[819.0, 591.0, 909.0, 681.0][729.0, 501.0, 819.0, 591.0][549.0, 321.0, 639.0, 411.0][639.0, 591.0, 729.0, 681.0][Nouvelle combi[1.9043558100236169
[639.0, 591.0, 729.0, 681.0][459.0, 591.0, 549.0, 681.0][369.0, 501.0, 459.0, 591.0][549.0, 321.0, 639.0, 411.0][Nouvelle combi[1.8698147243305812
[999.0, 591.0, 1089.0, 681.0][819.0, 411.0, 909.0, 501.0][729.0, 321.0, 819.0, 411.0][639.0, 231.0, 729.0, 321.0][Combi déjà faite[1.7377176561424221
[549.0, 321.0, 639.0, 411.0][729.0, 501.0, 819.0, 591.0][819.0, 591.0, 909.0, 681.0][639.0, 591.0, 729.0, 681.0][Combi déjà faite[1.9451155547295684
[369.0, 501.0, 459.0, 591.0][459.0, 591.0, 549.0, 681.0][639.0, 591.0, 729.0, 681.0][729.0, 501.0, 819.0, 591.0][Nouvelle combi[1.8899796225891805
[549.0, 321.0, 639.0, 411.0][639.0, 231.0, 729.0, 321.0][729.0, 321.0, 819.0, 411.0][819.0, 411.0, 909.0, 501.0][Nouvelle combi[1.6159820110990495
[999.0, 591.0, 1089.0, 681.0][819.0, 591.0, 909.0, 681.0][729.0, 501.0, 819.0, 591.0][639.0, 591.0, 729.0, 681.0][Nouvelle combi[1.8215411427185018
[369.0, 501.0, 459.0, 591.0][459.0, 591.0, 549.0, 681.0][639.0, 591.0, 729.0, 681.0][729.0, 501.0, 819.0, 591.0][Combi déjà faite[2.1205020055359682
[999.0, 591.0, 1089.0, 681.0][819.0, 411.0, 909.0, 501.0][729.0, 321.0, 819.0, 411.0][639.0, 231.0, 729.0, 321.0][Combi déjà faite[2.2272514126136684
[819.0, 591.0, 909.0, 681.0][729.0, 501.0, 819.0, 591.0][819.0, 411.0, 909.0, 501.0][639.0, 591.0, 729.0, 681.0][Nouvelle combi[1.7789598617929414
[549.0, 321.0, 639.0, 411.0][639.0, 231.0, 729.0, 321.0][729.0, 321.0, 819.0, 411.0][819.0, 411.0, 909.0, 501.0][Combi déjà faite[2.1759521936998
[369.0, 501.0, 459.0, 591.0][459.0, 591.0, 549.0, 681.0][639.0, 591.0, 729.0, 681.0][729.0, 501.0, 819.0, 591.0][Combi déjà faite[1.6995782159037844
[549.0, 321.0, 639.0, 411.0][639.0, 231.0, 729.0, 321.0][729.0, 321.0, 819.0, 411.0][819.0, 411.0, 909.0, 501.0][Combi déjà faite[1.8005495788107737
[819.0, 411.0, 909.0, 501.0][729.0, 501.0, 819.0, 591.0][639.0, 591.0, 729.0, 681.0][819.0, 591.0, 909.0, 681.0][Combi déjà faite[1.8846044497175853
[999.0, 591.0, 1089.0, 681.0][819.0, 411.0, 909.0, 501.0][729.0, 501.0, 819.0, 591.0][819.0, 591.0, 909.0, 681.0][Nouvelle combi[1.9691565507816904
[639.0, 591.0, 729.0, 681.0][729.0, 501.0, 819.0, 591.0][819.0, 411.0, 909.0, 501.0][819.0, 591.0, 909.0, 681.0][Combi déjà faite[2.376909484829298
[729.0, 321.0, 819.0, 411.0][639.0, 231.0, 729.0, 321.0][819.0, 411.0, 909.0, 501.0][729.0, 501.0, 819.0, 591.0][Nouvelle combi[2.459170306662145
[549.0, 321.0, 639.0, 411.0][369.0, 501.0, 459.0, 591.0][639.0, 231.0, 729.0, 321.0][729.0, 321.0, 819.0, 411.0][Nouvelle combi[2.1495243287905623
[639.0, 591.0, 729.0, 681.0][729.0, 501.0, 819.0, 591.0][819.0, 411.0, 909.0, 501.0][819.0, 591.0, 909.0, 681.0][Combi déjà faite[1.8243042162409893
[999.0, 591.0, 1089.0, 681.0][819.0, 411.0, 909.0, 501.0][729.0, 321.0, 819.0, 411.0][688, 229[A cote
[639.0, 231.0, 729.0, 321.0][549.0, 321.0, 639.0, 411.0][369.0, 501.0, 459.0, 591.0][459.0, 591.0, 549.0, 681.0][Nouvelle combi[1.9928365216370594
[639.0, 591.0, 729.0, 681.0][729.0, 501.0, 819.0, 591.0][819.0, 411.0, 909.0, 501.0][729.0, 321.0, 819.0, 411.0][Nouvelle combi[1.943922940812854
[459.0, 591.0, 549.0, 681.0][369.0, 501.0, 459.0, 591.0][549.0, 321.0, 639.0, 411.0][639.0, 231.0, 729.0, 321.0][Combi déjà faite[1.666909127906706
[729.0, 321.0, 819.0, 411.0][819.0, 411.0, 909.0, 501.0][729.0, 501.0, 819.0, 591.0][639.0, 591.0, 729.0, 681.0][Combi déjà faite[1.6568512941317977
[369.0, 501.0, 459.0, 591.0][459.0, 591.0, 549.0, 681.0][639.0, 591.0, 729.0, 681.0][729.0, 501.0, 819.0, 591.0][Combi déjà faite[2.1783763958443387
[549.0, 321.0, 639.0, 411.0][639.0, 231.0, 729.0, 321.0][729.0, 321.0, 819.0, 411.0][819.0, 411.0, 909.0, 501.0][Combi déjà faite[1.675673424812203
[999.0, 591.0, 1089.0, 681.0][819.0, 591.0, 909.0, 681.0][729.0, 501.0, 819.0, 591.0][819.0, 411.0, 909.0, 501.0][Combi déjà faite[1.7027302120244485
[639.0, 591.0, 729.0, 681.0][729.0, 501.0, 819.0, 591.0][819.0, 411.0, 909.0, 501.0][819.0, 591.0, 909.0, 681.0][Combi déjà faite[1.825557958287618
[999.0, 591.0, 1089.0, 681.0][819.0, 411.0, 909.0, 501.0][729.0, 321.0, 819.0, 411.0][639.0, 231.0, 729.0, 321.0][Combi déjà faite[1.7949093806244036
[549.0, 321.0, 639.0, 411.0][729.0, 501.0, 819.0, 591.0][819.0, 591.0, 909.0, 681.0][639.0, 591.0, 729.0, 681.0][Combi déjà faite[1.9340021325101588
[369.0, 501.0, 459.0, 591.0][459.0, 591.0, 549.0, 681.0][639.0, 591.0, 729.0, 681.0][729.0, 501.0, 819.0, 591.0][Combi déjà faite[1.9438388383522351
[549.0, 321.0, 639.0, 411.0][639.0, 231.0, 729.0, 321.0][729.0, 321.0, 819.0, 411.0][819.0, 411.0, 909.0, 501.0][Combi déjà faite[1.7235203402826755
[999.0, 591.0, 1089.0, 681.0][819.0, 411.0, 909.0, 501.0][729.0, 501.0, 819.0, 591.0][639.0, 591.0, 729.0, 681.0][Nouvelle combi[2.314056639109822
[639.0, 591.0, 729.0, 681.0][819.0, 591.0, 909.0, 681.0][999.0, 591.0, 1089.0, 681.0][819.0, 411.0, 909.0, 501.0][Nouvelle combi[1.9297986505042672
[819.0, 411.0, 909.0, 501.0][729.0, 501.0, 819.0, 591.0][639.0, 591.0, 729.0, 681.0][819.0, 591.0, 909.0, 681.0][Combi déjà faite[1.7143310182592586
[639.0, 231.0, 729.0, 321.0][729.0, 321.0, 819.0, 411.0][819.0, 411.0, 909.0, 501.0][729.0, 501.0, 819.0, 591.0][Combi déjà faite[1.6565591919271583
[639.0, 231.0, 729.0, 321.0][549.0, 321.0, 639.0, 411.0][369.0, 501.0, 459.0, 591.0][459.0, 591.0, 549.0, 681.0][Combi déjà faite[1.9546921583277026
[639.0, 231.0, 729.0, 321.0][729.0, 321.0, 819.0, 411.0][819.0, 411.0, 909.0, 501.0][999.0, 591.0, 1089.0, 681.0][Combi déjà faite[1.9281350628082237
[819.0, 591.0, 909.0, 681.0][729.0, 501.0, 819.0, 591.0][549.0, 321.0, 639.0, 411.0][639.0, 591.0, 729.0, 681.0][Combi déjà faite[2.0075811188745547
[639.0, 231.0, 729.0, 321.0][729.0, 321.0, 819.0, 411.0][819.0, 411.0, 909.0, 501.0][999.0, 591.0, 1089.0, 681.0][Combi déjà faite[1.7703551544346965
[369.0, 501.0, 459.0, 591.0][459.0, 591.0, 549.0, 681.0][639.0, 591.0, 729.0, 681.0][819.0, 591.0, 909.0, 681.0][Nouvelle combi[1.8109073096526345
[729.0, 501.0, 819.0, 591.0][819.0, 411.0, 909.0, 501.0][729.0, 321.0, 819.0, 411.0][639.0, 231.0, 729.0, 321.0][Combi déjà faite[1.7240368524674068
[549.0, 321.0, 639.0, 411.0][639.0, 231.0, 729.0, 321.0][729.0, 321.0, 819.0, 411.0][819.0, 411.0, 909.0, 501.0][Combi déjà faite[2.8660243700212504
[999.0, 591.0, 1089.0, 681.0][819.0, 591.0, 909.0, 681.0][819.0, 411.0, 909.0, 501.0][729.0, 501.0, 819.0, 591.0][Combi déjà faite[2.796096661214392
[639.0, 591.0, 729.0, 681.0][729.0, 501.0, 819.0, 591.0][819.0, 411.0, 909.0, 501.0][819.0, 591.0, 909.0, 681.0][Combi déjà faite[2.0805968238807964
[639.0, 231.0, 729.0, 321.0][729.0, 321.0, 819.0, 411.0][819.0, 411.0, 909.0, 501.0][999.0, 591.0, 1089.0, 681.0][Combi déjà faite[2.4125935434745998
[369.0, 501.0, 459.0, 591.0][459.0, 591.0, 549.0, 681.0][639.0, 591.0, 729.0, 681.0][729.0, 501.0, 819.0, 591.0][Combi déjà faite[1.9713177788909206
[549.0, 321.0, 639.0, 411.0][639.0, 231.0, 729.0, 321.0][729.0, 321.0, 819.0, 411.0][819.0, 411.0, 909.0, 501.0][Combi déjà faite[1.859332275693646
[639.0, 231.0, 729.0, 321.0][729.0, 321.0, 819.0, 411.0][819.0, 411.0, 909.0, 501.0][999.0, 591.0, 1089.0, 681.0][Combi déjà faite[2.1933072492629435
[639.0, 231.0, 729.0, 321.0][549.0, 321.0, 639.0, 411.0][729.0, 321.0, 819.0, 411.0][819.0, 411.0, 909.0, 501.0][Combi déjà faite[1.8151415608514299
[819.0, 411.0, 909.0, 501.0][729.0, 501.0, 819.0, 591.0][639.0, 591.0, 729.0, 681.0][819.0, 591.0, 909.0, 681.0][Combi déjà faite[2.1652211299842747
[369.0, 501.0, 459.0, 591.0][459.0, 591.0, 549.0, 681.0][639.0, 591.0, 729.0, 681.0][729.0, 501.0, 819.0, 591.0][Combi déjà faite[2.160611904887901
[999.0, 591.0, 1089.0, 681.0][819.0, 591.0, 909.0, 681.0][819.0, 411.0, 909.0, 501.0][729.0, 501.0, 819.0, 591.0][Combi déjà faite[1.7579010159166728
[729.0, 501.0, 819.0, 591.0][639.0, 591.0, 729.0, 681.0][459.0, 591.0, 549.0, 681.0][369.0, 501.0, 459.0, 591.0][Combi déjà faite[2.4722710084869277
[639.0, 231.0, 729.0, 321.0][549.0, 321.0, 639.0, 411.0][369.0, 501.0, 459.0, 591.0][459.0, 591.0, 549.0, 681.0][Combi déjà faite[1.7889508238553162
[549.0, 321.0, 639.0, 411.0][639.0, 231.0, 729.0, 321.0][729.0, 321.0, 819.0, 411.0][819.0, 411.0, 909.0, 501.0][Combi déjà faite[1.9456689899458297
[549.0, 321.0, 639.0, 411.0][639.0, 231.0, 729.0, 321.0][729.0, 321.0, 819.0, 411.0][819.0, 411.0, 909.0, 501.0][Combi déjà faite[2.5033573292013216
[819.0, 411.0, 909.0, 501.0][729.0, 501.0, 819.0, 591.0][639.0, 591.0, 729.0, 681.0][819.0, 591.0, 909.0, 681.0][Combi déjà faite[2.1008031579858653
[819.0, 411.0, 909.0, 501.0][999.0, 591.0, 1089.0, 681.0][729.0, 501.0, 819.0, 591.0][819.0, 591.0, 909.0, 681.0][Combi déjà faite[2.682809826285279
[729.0, 501.0, 819.0, 591.0][819.0, 591.0, 909.0, 681.0][639.0, 591.0, 729.0, 681.0][459.0, 591.0, 549.0, 681.0][Nouvelle combi[2.2431869827441915
[369.0, 501.0, 459.0, 591.0][549.0, 321.0, 639.0, 411.0][639.0, 231.0, 729.0, 321.0][729.0, 321.0, 819.0, 411.0][Combi déjà faite[1.963949172575326
[369.0, 501.0, 459.0, 591.0][459.0, 591.0, 549.0, 681.0][729.0, 501.0, 819.0, 591.0][639.0, 591.0, 729.0, 681.0][Combi déjà faite[2.1632075940008235
[549.0, 321.0, 639.0, 411.0][639.0, 231.0, 729.0, 321.0][729.0, 321.0, 819.0, 411.0][819.0, 411.0, 909.0, 501.0][Combi déjà faite[1.9715126504459022
[369.0, 501.0, 459.0, 591.0][459.0, 591.0, 549.0, 681.0][639.0, 591.0, 729.0, 681.0][729.0, 501.0, 819.0, 591.0][Combi déjà faite[2.3379429686856383
[819.0, 411.0, 909.0, 501.0][999.0, 591.0, 1089.0, 681.0][819.0, 591.0, 909.0, 681.0][729.0, 501.0, 819.0, 591.0][Combi déjà faite[2.191701507649441
[639.0, 231.0, 729.0, 321.0][729.0, 321.0, 819.0, 411.0][819.0, 411.0, 909.0, 501.0][729.0, 501.0, 819.0, 591.0][Combi déjà faite[2.051503116098729
[639.0, 231.0, 729.0, 321.0][549.0, 321.0, 639.0, 411.0][369.0, 501.0, 459.0, 591.0][459.0, 591.0, 549.0, 681.0][Combi déjà faite[1.823249038052495
[549.0, 321.0, 639.0, 411.0][639.0, 231.0, 729.0, 321.0][729.0, 321.0, 819.0, 411.0][819.0, 411.0, 909.0, 501.0][Combi déjà faite[2.0725722183726702
[729.0, 321.0, 819.0, 411.0][819.0, 411.0, 909.0, 501.0][729.0, 501.0, 819.0, 591.0]
30 sec
[639.0, 591.0, 729.0, 681.0][Combi déjà faite[2.0750579589030167
[999.0, 591.0, 1089.0, 681.0][819.0, 591.0, 909.0, 681.0][819.0, 411.0, 909.0, 501.0][729.0, 501.0, 819.0, 591.0][Combi déjà faite[2.1357840380093194
[819.0, 411.0, 909.0, 501.0][729.0, 501.0, 819.0, 591.0][639.0, 591.0, 729.0, 681.0][459.0, 591.0, 549.0, 681.0][Nouvelle combi[2.3878272149819395
[369.0, 501.0, 459.0, 591.0][549.0, 321.0, 639.0, 411.0][639.0, 231.0, 729.0, 321.0][729.0, 321.0, 819.0, 411.0][Combi déjà faite[1.9405982269560127
[819.0, 411.0, 909.0, 501.0][729.0, 321.0, 819.0, 411.0][639.0, 231.0, 729.0, 321.0][549.0, 321.0, 639.0, 411.0][Combi déjà faite[2.3255766249313865
[369.0, 501.0, 459.0, 591.0][369.0, 501.0, 459.0, 591.0][[[Meme cercle
[459.0, 591.0, 549.0, 681.0][639.0, 591.0, 729.0, 681.0][729.0, 501.0, 819.0, 591.0][999.0, 591.0, 1089.0, 681.0][Nouvelle combi[1.954815235099204
[819.0, 591.0, 909.0, 681.0][819.0, 411.0, 909.0, 501.0][729.0, 501.0, 819.0, 591.0][999.0, 591.0, 1089.0, 681.0][Combi déjà faite[1.7885159525957306
[819.0, 591.0, 909.0, 681.0][639.0, 591.0, 729.0, 681.0][459.0, 591.0, 549.0, 681.0][999.0, 591.0, 1089.0, 681.0][Nouvelle combi[1.9280829603081884
[819.0, 591.0, 909.0, 681.0][639.0, 591.0, 729.0, 681.0][459.0, 591.0, 549.0, 681.0][369.0, 501.0, 459.0, 591.0][Combi déjà faite[2.696667039999511
[999.0, 591.0, 1089.0, 681.0][819.0, 411.0, 909.0, 501.0][729.0, 321.0, 819.0, 411.0][639.0, 231.0, 729.0, 321.0][Combi déjà faite[3.2470954907543046
[819.0, 591.0, 909.0, 681.0][729.0, 501.0, 819.0, 591.0][549.0, 321.0, 639.0, 411.0][369.0, 501.0, 459.0, 591.0][Nouvelle combi[2.6031487961245148
[999.0, 591.0, 1089.0, 681.0][819.0, 591.0, 909.0, 681.0][639.0, 591.0, 729.0, 681.0][459.0, 591.0, 549.0, 681.0][Combi déjà faite[2.46011184396491
[639.0, 231.0, 729.0, 321.0][729.0, 321.0, 819.0, 411.0]

Bonnes réponses=[ 20.00
Erreurs couleur:[ 0.00
Erreurs répétition:[ 60.00
Erreurs même cercle:[ 1.00
Erreurs à côté:[ 1.00
Erreurs totales:[62
Nombre de réponses:[82
Taux de réussite=[ 24.39
RTmoy reussi sec=[ 2.052
RTmoy deja fait sec=[ 2.058
RTmoy tot sec=[ 2.056
RTmax sec=[ 2.603
RTmin sec=[ 1.616

