
TACHE SPATIALE DIFFICILE FAIBLE GAIN

Coord distracteur bleu 1 [639.0, 591.0, 729.0, 681.0]
Coord distracteur bleu 2 [729.0, 321.0, 819.0, 411.0]
Coord distracteur bleu 3 [729.0, 501.0, 819.0, 591.0]
Coord distracteur rouge 1 [459.0, 591.0, 549.0, 681.0]
Coord distracteur rouge 2 [279.0, 591.0, 369.0, 681.0]

[Coord Cercle 1[Coord Cercle 2[Coord Cercle 3[Coord Cercle 4[Combi[RT
[549.0, 501.0, 639.0, 591.0][459.0, 411.0, 549.0, 501.0][369.0, 501.0, 459.0, 591.0][639.0, 231.0, 729.0, 321.0][Nouvelle combi[8.670886558908876
[549.0, 501.0, 639.0, 591.0][639.0, 411.0, 729.0, 501.0][549.0, 321.0, 639.0, 411.0][459.0, 411.0, 549.0, 501.0][Nouvelle combi[3.092878654918593
[639.0, 231.0, 729.0, 321.0][639.0, 411.0, 729.0, 501.0][549.0, 501.0, 639.0, 591.0][369.0, 501.0, 459.0, 591.0][Nouvelle combi[2.2150988121860564
[369.0, 501.0, 459.0, 591.0][639.0, 411.0, 729.0, 501.0][819.0, 411.0, 909.0, 501.0][909.0, 501.0, 999.0, 591.0][Nouvelle combi[2.5631956145284676
[819.0, 591.0, 909.0, 681.0][909.0, 501.0, 999.0, 591.0][819.0, 411.0, 909.0, 501.0][999.0, 591.0, 1089.0, 681.0][Nouvelle combi[2.404446681706645
[639.0, 231.0, 729.0, 321.0][819.0, 411.0, 909.0, 501.0][819.0, 591.0, 909.0, 681.0][639.0, 411.0, 729.0, 501.0][Nouvelle combi[3.2639332136206463
[549.0, 501.0, 639.0, 591.0][459.0, 411.0, 549.0, 501.0][549.0, 321.0, 639.0, 411.0][639.0, 411.0, 729.0, 501.0][Combi déjà faite[1.9411307391211494
[639.0, 411.0, 729.0, 501.0][819.0, 411.0, 909.0, 501.0][909.0, 501.0, 999.0, 591.0][819.0, 591.0, 909.0, 681.0][Nouvelle combi[2.6633792860973244
[639.0, 411.0, 729.0, 501.0][549.0, 501.0, 639.0, 591.0][369.0, 501.0, 459.0, 591.0][459.0, 411.0, 549.0, 501.0][Nouvelle combi[2.246337748097119
[819.0, 411.0, 909.0, 501.0][909.0, 501.0, 999.0, 591.0][819.0, 591.0, 909.0, 681.0][999.0, 591.0, 1089.0, 681.0][Combi déjà faite[2.3538186414539837
[639.0, 231.0, 729.0, 321.0][549.0, 321.0, 639.0, 411.0][639.0, 411.0, 729.0, 501.0][819.0, 411.0, 909.0, 501.0][Nouvelle combi[2.5260133013169934
[819.0, 591.0, 909.0, 681.0][549.0, 501.0, 639.0, 591.0][639.0, 411.0, 729.0, 501.0][549.0, 321.0, 639.0, 411.0][Nouvelle combi[1.5264863263758457
[459.0, 411.0, 549.0, 501.0][369.0, 501.0, 459.0, 591.0][639.0, 231.0, 729.0, 321.0][819.0, 411.0, 909.0, 501.0][Nouvelle combi[1.696700270727888
[909.0, 501.0, 999.0, 591.0][999.0, 591.0, 1089.0, 681.0][819.0, 591.0, 909.0, 681.0][819.0, 411.0, 909.0, 501.0][Combi déjà faite[1.4902188838331654
[639.0, 411.0, 729.0, 501.0][549.0, 501.0, 639.0, 591.0][549.0, 321.0, 639.0, 411.0][639.0, 231.0, 729.0, 321.0][Nouvelle combi[1.073946985911391
[459.0, 411.0, 549.0, 501.0][369.0, 501.0, 459.0, 591.0][639.0, 411.0, 729.0, 501.0][549.0, 501.0, 639.0, 591.0][Combi déjà faite[1.2166032205909119
[549.0, 321.0, 639.0, 411.0][639.0, 231.0, 729.0, 321.0][819.0, 411.0, 909.0, 501.0][909.0, 501.0, 999.0, 591.0][Nouvelle combi[1.2999089642145805
[999.0, 591.0, 1089.0, 681.0][819.0, 591.0, 909.0, 681.0][909.0, 501.0, 999.0, 591.0][819.0, 411.0, 909.0, 501.0][Combi déjà faite[1.2963216865784375
[549.0, 501.0, 639.0, 591.0][639.0, 411.0, 729.0, 501.0][549.0, 321.0, 639.0, 411.0][639.0, 231.0, 729.0, 321.0][Combi déjà faite[2.325209445896064
[459.0, 411.0, 549.0, 501.0][639.0, 411.0, 729.0, 501.0][549.0, 501.0, 639.0, 591.0][819.0, 411.0, 909.0, 501.0][Nouvelle combi[1.632114914320141
[909.0, 501.0, 999.0, 591.0][819.0, 591.0, 909.0, 681.0][999.0, 591.0, 1089.0, 681.0][819.0, 411.0, 909.0, 501.0][Combi déjà faite[2.018121823850038
[639.0, 231.0, 729.0, 321.0][549.0, 321.0, 639.0, 411.0][459.0, 411.0, 549.0, 501.0][639.0, 411.0, 729.0, 501.0][Nouvelle combi[1.9837534558931793
[549.0, 501.0, 639.0, 591.0][369.0, 501.0, 459.0, 591.0][639.0, 411.0, 729.0, 501.0][819.0, 411.0, 909.0, 501.0][Nouvelle combi[2.072493038982941
[819.0, 591.0, 909.0, 681.0][909.0, 501.0, 999.0, 591.0][999.0, 591.0, 1089.0, 681.0][819.0, 411.0, 909.0, 501.0][Combi déjà faite[2.4740396216948284
[639.0, 411.0, 729.0, 501.0][639.0, 231.0, 729.0, 321.0][549.0, 321.0, 639.0, 411.0][459.0, 411.0, 549.0, 501.0][Combi déjà faite[1.9471775009097314
[549.0, 501.0, 639.0, 591.0][639.0, 231.0, 729.0, 321.0][549.0, 321.0, 639.0, 411.0][639.0, 411.0, 729.0, 501.0][Combi déjà faite[5.6733854276282045
[819.0, 411.0, 909.0, 501.0][819.0, 591.0, 909.0, 681.0][909.0, 501.0, 999.0, 591.0][999.0, 591.0, 1089.0, 681.0][Combi déjà faite[1.7612413194978558
[639.0, 411.0, 729.0, 501.0][549.0, 501.0, 639.0, 591.0][459.0, 411.0, 549.0, 501.0][369.0, 501.0, 459.0, 591.0][Combi déjà faite[2.09801916141231
[549.0, 321.0, 639.0, 411.0][639.0, 231.0, 729.0, 321.0][639.0, 411.0, 729.0, 501.0][549.0, 501.0, 639.0, 591.0][Combi déjà faite[1.2794293996766442
[459.0, 411.0, 549.0, 501.0][369.0, 501.0, 459.0, 591.0]
30 sec


Bonnes réponses=[ 16.00
Erreurs couleur:[ 0.00
Erreurs répétition:[ 13.00
Erreurs même cercle:[ 0.00
Erreurs à côté:[ 0.00
Erreurs totales:[13
Nombre de réponses:[29
Taux de réussite=[ 55.17
RTmoy reussi sec=[ 2.558
RTmoy deja fait sec=[ 2.144
RTmoy tot sec=[ 2.373
RTmax sec=[ 8.671
RTmin sec=[ 1.074

