
TACHE SPATIALE DIFFICILE FORT GAIN

Coord distracteur bleu 1 [459.0, 591.0, 549.0, 681.0]
Coord distracteur bleu 2 [729.0, 501.0, 819.0, 591.0]
Coord distracteur bleu 3 [549.0, 501.0, 639.0, 591.0]
Coord distracteur rouge 1 [639.0, 591.0, 729.0, 681.0]
Coord distracteur rouge 2 [999.0, 591.0, 1089.0, 681.0]

[Coord Cercle 1[Coord Cercle 2[Coord Cercle 3[Coord Cercle 4[Combi[RT
[909.0, 501.0, 999.0, 591.0][819.0, 411.0, 909.0, 501.0][1165, 898[[A cote
[909.0, 501.0, 999.0, 591.0][819.0, 411.0, 909.0, 501.0][729.0, 321.0, 819.0, 411.0][639.0, 231.0, 729.0, 321.0][Nouvelle combi[3.577607384615362
[1080, 898[[[[A cote
[279.0, 591.0, 369.0, 681.0][369.0, 501.0, 459.0, 591.0][459.0, 411.0, 549.0, 501.0][549.0, 321.0, 639.0, 411.0][Nouvelle combi[5.958227692307673
[819.0, 591.0, 909.0, 681.0][909.0, 501.0, 999.0, 591.0][819.0, 411.0, 909.0, 501.0][639.0, 411.0, 729.0, 501.0][Nouvelle combi[5.15877005128209
[1039, 898[[[[A cote
[1044, 894[[[[A cote
[1043, 907[[[[A cote
[1051, 882[[[[A cote
[639.0, 231.0, 729.0, 321.0][549.0, 321.0, 639.0, 411.0][729.0, 321.0, 819.0, 411.0][639.0, 411.0, 729.0, 501.0][Nouvelle combi[2.9775688205127153
[1046, 893[[[[A cote
[1036, 897[[[[A cote
[1048, 883[[[[A cote
[1052, 888[[[[A cote
[1051, 883[[[[A cote
[1049, 890[[[[A cote
[639.0, 231.0, 729.0, 321.0][1043, 893[[[A cote
[639.0, 231.0, 729.0, 321.0][639.0, 411.0, 729.0, 501.0][819.0, 411.0, 909.0, 501.0][819.0, 591.0, 909.0, 681.0][Nouvelle combi[5.123057641025525
[909.0, 501.0, 999.0, 591.0][819.0, 591.0, 909.0, 681.0][819.0, 411.0, 909.0, 501.0][639.0, 411.0, 729.0, 501.0][Combi déjà faite[5.801503589743561
[909.0, 501.0, 999.0, 591.0][819.0, 591.0, 909.0, 681.0][819.0, 411.0, 909.0, 501.0][729.0, 321.0, 819.0, 411.0][Nouvelle combi[4.092765948717897
[909.0, 501.0, 999.0, 591.0][819.0, 591.0, 909.0, 681.0][639.0, 411.0, 729.0, 501.0][549.0, 321.0, 639.0, 411.0][Nouvelle combi[4.260378256410149
[279.0, 591.0, 369.0, 681.0][369.0, 501.0, 459.0, 591.0][459.0, 411.0, 549.0, 501.0][459.0, 411.0, 549.0, 501.0][Meme cercle
[376, 650[[[[A cote
[279.0, 591.0, 369.0, 681.0][819.0, 591.0, 909.0, 681.0][909.0, 501.0, 999.0, 591.0][639.0, 411.0, 729.0, 501.0][Nouvelle combi[3.793711179487218
[279.0, 591.0, 369.0, 681.0][369.0, 501.0, 459.0, 591.0][459.0, 411.0, 549.0, 501.0][639.0, 411.0, 729.0, 501.0][Nouvelle combi[4.379883487179541
[819.0, 591.0, 909.0, 681.0][909.0, 501.0, 999.0, 591.0][819.0, 411.0, 909.0, 501.0][639.0, 411.0, 729.0, 501.0][Combi déjà faite[3.166851692307773
[819.0, 591.0, 909.0, 681.0][819.0, 411.0, 909.0, 501.0][639.0, 411.0, 729.0, 501.0][639.0, 411.0, 729.0, 501.0][Meme cercle
[639.0, 231.0, 729.0, 321.0][819.0, 591.0, 909.0, 681.0][819.0, 411.0, 909.0, 501.0][639.0, 411.0, 729.0, 501.0][Combi déjà faite[3.7096307692308983
[819.0, 591.0, 909.0, 681.0][819.0, 411.0, 909.0, 501.0][729.0, 321.0, 819.0, 411.0][639.0, 231.0, 729.0, 321.0][Nouvelle combi[6.713265230769366
[819.0, 591.0, 909.0, 681.0][909.0, 501.0, 999.0, 591.0][639.0, 411.0, 729.0, 501.0][549.0, 321.0, 639.0, 411.0][Combi déjà faite[5.47337682051284
[819.0, 591.0, 909.0, 681.0][909.0, 501.0, 999.0, 591.0][909.0, 501.0, 999.0, 591.0][[Meme cercle
[639.0, 411.0, 729.0, 501.0][819.0, 591.0, 909.0, 681.0][549.0, 321.0, 639.0, 411.0][639.0, 231.0, 729.0, 321.0][Nouvelle combi[4.092282256410272
[819.0, 591.0, 909.0, 681.0][819.0, 411.0, 909.0, 501.0][639.0, 411.0, 729.0, 501.0][729.0, 321.0, 819.0, 411.0][Nouvelle combi[4.810247794871657
[819.0, 591.0, 909.0, 681.0][909.0, 501.0, 999.0, 591.0][819.0, 411.0, 909.0, 501.0][639.0, 411.0, 729.0, 501.0][Combi déjà faite[4.234671589743584
[819.0, 591.0, 909.0, 681.0][819.0, 411.0, 909.0, 501.0][639.0, 411.0, 729.0, 501.0][549.0, 321.0, 639.0, 411.0][Nouvelle combi[4.8226051282051685
[279.0, 591.0, 369.0, 681.0][369.0, 501.0, 459.0, 591.0][459.0, 411.0, 549.0, 501.0][639.0, 411.0, 729.0, 501.0][Combi déjà faite[6.228466461538346
[819.0, 591.0, 909.0, 681.0][909.0, 501.0, 999.0, 591.0][819.0, 411.0, 909.0, 501.0][459.0, 411.0, 549.0, 501.0][Nouvelle combi[3.9150514871794257
[819.0, 591.0, 909.0, 681.0][639.0, 411.0, 729.0, 501.0][729.0, 321.0, 819.0, 411.0][819.0, 411.0, 909.0, 501.0][Combi déjà faite[4.617958564102537
[819.0, 591.0, 909.0, 681.0][909.0, 501.0, 999.0, 591.0][369.0, 501.0, 459.0, 591.0][279.0, 591.0, 369.0, 681.0][Nouvelle combi[4.093575384615178
[279.0, 591.0, 369.0, 681.0][369.0, 501.0, 459.0, 591.0][459.0, 411.0, 549.0, 501.0][639.0, 411.0, 729.0, 501.0][Combi déjà faite[5.099439179487263
[819.0, 591.0, 909.0, 681.0][909.0, 501.0, 999.0, 591.0][819.0, 411.0, 909.0, 501.0][639.0, 411.0, 729.0, 501.0][639.0, 411.0, 729.0, 501.0][Combi déjà faite[3.9452742564103573
[[[[Meme cercle
[639.0, 231.0, 729.0, 321.0][639.0, 411.0, 729.0, 501.0][639.0, 411.0, 729.0, 501.0][[Meme cercle
[639.0, 231.0, 729.0, 321.0][729.0, 321.0, 819.0, 411.0][549.0, 321.0, 639.0, 411.0][639.0, 411.0, 729.0, 501.0][Combi déjà faite[4.105252102564236
[639.0, 231.0, 729.0, 321.0]
30 sec
[729.0, 321.0, 819.0, 411.0][819.0, 411.0, 909.0, 501.0][909.0, 501.0, 999.0, 591.0][Combi déjà faite[3.862244102564091
[819.0, 591.0, 909.0, 681.0][909.0, 501.0, 999.0, 591.0][909.0, 501.0, 999.0, 591.0][[Meme cercle
[819.0, 411.0, 909.0, 501.0][819.0, 591.0, 909.0, 681.0][639.0, 411.0, 729.0, 501.0][459.0, 411.0, 549.0, 501.0][Nouvelle combi[4.695091692307642
[819.0, 591.0, 909.0, 681.0][909.0, 501.0, 999.0, 591.0][639.0, 411.0, 729.0, 501.0][549.0, 321.0, 639.0, 411.0][Combi déjà faite[4.731110153846203
[819.0, 591.0, 909.0, 681.0][819.0, 411.0, 909.0, 501.0][729.0, 321.0, 819.0, 411.0][639.0, 411.0, 729.0, 501.0][Combi déjà faite[8.13661661538481
[819.0, 591.0, 909.0, 681.0][909.0, 501.0, 999.0, 591.0][279.0, 591.0, 369.0, 681.0][369.0, 501.0, 459.0, 591.0][Combi déjà faite[6.574342564102608


Bonnes réponses=[ 16.00
Erreurs couleur:[ 0.00
Erreurs répétition:[ 14.00
Erreurs même cercle:[ 6.00
Erreurs à côté:[ 14.00
Erreurs totales:[34
Nombre de réponses:[50
Taux de réussite=[ 32.00
RTmoy reussi sec=[ 4.529
RTmoy deja fait sec=[ 4.978
RTmoy tot sec=[ 4.738
RTmax sec=[ 6.713
RTmin sec=[ 2.978

