
TACHE SPATIALE DIFFICILE FORT GAIN

Coord distracteur bleu 1 [369.0, 501.0, 459.0, 591.0]
Coord distracteur bleu 2 [819.0, 591.0, 909.0, 681.0]
Coord distracteur bleu 3 [909.0, 501.0, 999.0, 591.0]
Coord distracteur rouge 1 [459.0, 591.0, 549.0, 681.0]
Coord distracteur rouge 2 [729.0, 501.0, 819.0, 591.0]

[Coord Cercle 1[Coord Cercle 2[Coord Cercle 3[Coord Cercle 4[Combi[RT
[999.0, 591.0, 1089.0, 681.0][639.0, 591.0, 729.0, 681.0][819.0, 411.0, 909.0, 501.0][549.0, 501.0, 639.0, 591.0][Nouvelle combi[1.7798678974358975
[819.0, 411.0, 909.0, 501.0][729.0, 321.0, 819.0, 411.0][639.0, 231.0, 729.0, 321.0][549.0, 321.0, 639.0, 411.0][Nouvelle combi[1.8656800000000002
[549.0, 501.0, 639.0, 591.0][459.0, 411.0, 549.0, 501.0][549.0, 321.0, 639.0, 411.0][639.0, 231.0, 729.0, 321.0][Nouvelle combi[1.6938432820512825
[639.0, 591.0, 729.0, 681.0][279.0, 591.0, 369.0, 681.0][639.0, 411.0, 729.0, 501.0][549.0, 501.0, 639.0, 591.0][Nouvelle combi[2.0286531282051286
[999.0, 591.0, 1089.0, 681.0][819.0, 411.0, 909.0, 501.0][729.0, 321.0, 819.0, 411.0][639.0, 231.0, 729.0, 321.0][Nouvelle combi[1.6094125128205121
[639.0, 591.0, 729.0, 681.0][549.0, 501.0, 639.0, 591.0][459.0, 411.0, 549.0, 501.0][549.0, 321.0, 639.0, 411.0][Nouvelle combi[1.45291323076923
[639.0, 411.0, 729.0, 501.0][729.0, 321.0, 819.0, 411.0][639.0, 231.0, 729.0, 321.0][819.0, 411.0, 909.0, 501.0][Nouvelle combi[1.6232069743589754
[999.0, 591.0, 1089.0, 681.0][639.0, 591.0, 729.0, 681.0][549.0, 501.0, 639.0, 591.0][459.0, 411.0, 549.0, 501.0][Nouvelle combi[1.461094564102563
[639.0, 591.0, 729.0, 681.0][279.0, 591.0, 369.0, 681.0][459.0, 411.0, 549.0, 501.0][639.0, 231.0, 729.0, 321.0][Nouvelle combi[2.6914494358974377
[999.0, 591.0, 1089.0, 681.0][819.0, 411.0, 909.0, 501.0][639.0, 411.0, 729.0, 501.0][549.0, 501.0, 639.0, 591.0][Nouvelle combi[2.03059158974359
[639.0, 591.0, 729.0, 681.0][819.0, 411.0, 909.0, 501.0][639.0, 411.0, 729.0, 501.0][549.0, 321.0, 639.0, 411.0][Nouvelle combi[1.7478211282051284
[819.0, 411.0, 909.0, 501.0][549.0, 321.0, 639.0, 411.0][639.0, 411.0, 729.0, 501.0][549.0, 501.0, 639.0, 591.0][Nouvelle combi[2.7720295384615383
[459.0, 411.0, 549.0, 501.0][279.0, 591.0, 369.0, 681.0][639.0, 591.0, 729.0, 681.0][639.0, 411.0, 729.0, 501.0][Nouvelle combi[2.206260923076922
[999.0, 591.0, 1089.0, 681.0][639.0, 411.0, 729.0, 501.0][549.0, 321.0, 639.0, 411.0][639.0, 231.0, 729.0, 321.0][Nouvelle combi[2.1165140512820493
[639.0, 591.0, 729.0, 681.0][549.0, 501.0, 639.0, 591.0][639.0, 411.0, 729.0, 501.0][729.0, 321.0, 819.0, 411.0][Nouvelle combi[1.6793558974358973
[819.0, 411.0, 909.0, 501.0][639.0, 231.0, 729.0, 321.0][549.0, 321.0, 639.0, 411.0][459.0, 411.0, 549.0, 501.0][Nouvelle combi[1.7669390769230766
[279.0, 591.0, 369.0, 681.0][459.0, 411.0, 549.0, 501.0][549.0, 501.0, 639.0, 591.0][639.0, 411.0, 729.0, 501.0][Nouvelle combi[1.866930461538466
[639.0, 591.0, 729.0, 681.0][639.0, 411.0, 729.0, 501.0][819.0, 411.0, 909.0, 501.0][729.0, 321.0, 819.0, 411.0][Nouvelle combi[2.2584131282051274
[639.0, 591.0, 729.0, 681.0][639.0, 411.0, 729.0, 501.0][639.0, 231.0, 729.0, 321.0][549.0, 321.0, 639.0, 411.0][Nouvelle combi[2.2281382564102614
[639.0, 231.0, 729.0, 321.0][549.0, 321.0, 639.0, 411.0][729.0, 321.0, 819.0, 411.0][639.0, 411.0, 729.0, 501.0][Nouvelle combi[1.9024795897435922
[819.0, 411.0, 909.0, 501.0][639.0, 591.0, 729.0, 681.0][639.0, 411.0, 729.0, 501.0][729.0, 321.0, 819.0, 411.0][Combi déjà faite[1.7735031794871787
[639.0, 231.0, 729.0, 321.0][549.0, 321.0, 639.0, 411.0][549.0, 501.0, 639.0, 591.0][549.0, 501.0, 639.0, 591.0][Meme cercle
[639.0, 591.0, 729.0, 681.0][639.0, 411.0, 729.0, 501.0][999.0, 591.0, 1089.0, 681.0][819.0, 411.0, 909.0, 501.0][Nouvelle combi[2.1898514871794887
[729.0, 321.0, 819.0, 411.0][639.0, 591.0, 729.0, 681.0][279.0, 591.0, 369.0, 681.0][549.0, 501.0, 639.0, 591.0][Nouvelle combi[2.1976693333333372
[459.0, 411.0, 549.0, 501.0][549.0, 321.0, 639.0, 411.0][639.0, 591.0, 729.0, 681.0][549.0, 501.0, 639.0, 591.0][Combi déjà faite[1.6229567179487177
[639.0, 411.0, 729.0, 501.0][819.0, 411.0, 909.0, 501.0][999.0, 591.0, 1089.0, 681.0][639.0, 591.0, 729.0, 681.0][Combi déjà faite[1.9334962051282005
[729.0, 321.0, 819.0, 411.0][639.0, 411.0, 729.0, 501.0][549.0, 501.0, 639.0, 591.0][639.0, 231.0, 729.0, 321.0][Nouvelle combi[2.4188012307692333
[549.0, 321.0, 639.0, 411.0][459.0, 411.0, 549.0, 501.0][999.0, 591.0, 1089.0, 681.0][819.0, 411.0, 909.0, 501.0][Nouvelle combi[1.9849624615384585
[729.0, 321.0, 819.0, 411.0][639.0, 411.0, 729.0, 501.0][639.0, 591.0, 729.0, 681.0][549.0, 501.0, 639.0, 591.0][Combi déjà faite[1.9486125128205174
[819.0, 411.0, 909.0, 501.0][279.0, 591.0, 369.0, 681.0][639.0, 591.0, 729.0, 681.0][549.0, 501.0, 639.0, 591.0][Nouvelle combi[2.06034420512821
[459.0, 411.0, 549.0, 501.0][549.0, 321.0, 639.0, 411.0][639.0, 591.0, 729.0, 681.0][279.0, 591.0, 369.0, 681.0][Nouvelle combi[2.1210633846153826
[549.0, 501.0, 639.0, 591.0][639.0, 231.0, 729.0, 321.0][999.0, 591.0, 1089.0, 681.0][819.0, 411.0, 909.0, 501.0][Nouvelle combi[2.6363790769230775
[729.0, 321.0, 819.0, 411.0][639.0, 591.0, 729.0, 681.0][819.0, 411.0, 909.0, 501.0][639.0, 411.0, 729.0, 501.0][Combi déjà faite[2.653539692307689
[549.0, 321.0, 639.0, 411.0][639.0, 231.0, 729.0, 321.0][639.0, 591.0, 729.0, 681.0][549.0, 501.0, 639.0, 591.0][Nouvelle combi[1.9537238974358928
[639.0, 411.0, 729.0, 501.0][729.0, 321.0, 819.0, 411.0][999.0, 591.0, 1089.0, 681.0][639.0, 591.0, 729.0, 681.0][Nouvelle combi[1.9969468717948757
[279.0, 591.0, 369.0, 681.0][459.0, 411.0, 549.0, 501.0][549.0, 321.0, 639.0, 411.0][639.0, 591.0, 729.0, 681.0][Combi déjà faite[3.8498272820512796
[549.0, 501.0, 639.0, 591.0][639.0, 411.0, 729.0, 501.0][729.0, 321.0, 819.0, 411.0][819.0, 411.0, 909.0, 501.0][Nouvelle combi[2.3666121025641047
[999.0, 591.0, 1089.0, 681.0][639.0, 591.0, 729.0, 681.0][549.0, 501.0, 639.0, 591.0][459.0, 411.0, 549.0, 501.0][Combi déjà faite[2.1429288205128216
[819.0, 411.0, 909.0, 501.0][639.0, 411.0, 729.0, 501.0][729.0, 321.0, 819.0, 411.0][639.0, 231.0, 729.0, 321.0][Combi déjà faite[2.08138133333334
[639.0, 231.0, 729.0, 321.0][549.0, 321.0, 639.0, 411.0][549.0, 501.0, 639.0, 591.0][279.0, 591.0, 369.0, 681.0][Nouvelle combi[2.8838851282051223
[639.0, 591.0, 729.0, 681.0][819.0, 411.0, 909.0, 501.0][549.0, 501.0, 639.0, 591.0][639.0, 411.0, 729.0, 501.0][Nouvelle combi[1.8538601025640986
[729.0, 321.0, 819.0, 411.0][639.0, 231.0, 729.0, 321.0][549.0, 321.0, 639.0, 411.0][459.0, 411.0, 549.0, 501.0][Nouvelle combi[2.1702703589743635
[549.0, 501.0, 639.0, 591.0][459.0, 411.0, 549.0, 501.0][279.0, 591.0, 369.0, 681.0][639.0, 591.0, 729.0, 681.0][Nouvelle combi[2.240988307692305
[999.0, 591.0, 1089.0, 681.0][639.0, 591.0, 729.0, 681.0][819.0, 411.0, 909.0, 501.0][729.0, 321.0, 819.0, 411.0][Nouvelle combi[1.9837189743589647
[639.0, 591.0, 729.0, 681.0][549.0, 501.0, 639.0, 591.0][459.0, 411.0, 549.0, 501.0][279.0, 591.0, 369.0, 681.0][Combi déjà faite[2.366043487179482
[639.0, 591.0, 729.0, 681.0][819.0, 411.0, 909.0, 501.0][639.0, 411.0, 729.0, 501.0][549.0, 501.0, 639.0, 591.0][Combi déjà faite[2.367864615384619
[279.0, 591.0, 369.0, 681.0][459.0, 411.0, 549.0, 501.0][549.0, 321.0, 639.0, 411.0][639.0, 231.0, 729.0, 321.0][Nouvelle combi[2.1266428717948713
[729.0, 321.0, 819.0, 411.0][639.0, 411.0, 729.0, 501.0][549.0, 501.0, 639.0, 591.0][639.0, 591.0, 729.0, 681.0][Combi déjà faite[1.8305534358974427
[999.0, 591.0, 1089.0, 681.0][819.0, 411.0, 909.0, 501.0][639.0, 591.0, 729.0, 681.0][729.0, 321.0, 819.0, 411.0][Combi déjà faite[1.786322461538461
[639.0, 411.0, 729.0, 501.0][639.0, 231.0, 729.0, 321.0][549.0, 321.0, 639.0, 411.0][459.0, 411.0, 549.0, 501.0][Nouvelle combi[1.98223548717948
[549.0, 501.0, 639.0, 591.0][639.0, 411.0, 729.0, 501.0][729.0, 321.0, 819.0, 411.0][819.0, 411.0, 909.0, 501.0][Combi déjà faite[2.0588988717948666
[639.0, 591.0, 729.0, 681.0][279.0, 591.0, 369.0, 681.0][459.0, 411.0, 549.0, 501.0][549.0, 321.0, 639.0, 411.0][Combi déjà faite[1.978157538461545
[999.0, 591.0, 1089.0, 681.0][639.0, 591.0, 729.0, 681.0][819.0, 411.0, 909.0, 501.0][729.0, 321.0, 819.0, 411.0][Combi déjà faite[1.876353641025645
[279.0, 591.0, 369.0, 681.0][459.0, 411.0, 549.0, 501.0][549.0, 321.0, 639.0, 411.0][639.0, 231.0, 729.0, 321.0][Combi déjà faite[1.7802211282051275
[729.0, 321.0, 819.0, 411.0][639.0, 411.0, 729.0, 501.0][549.0, 501.0, 639.0, 591.0][639.0, 591.0, 729.0, 681.0][Combi déjà faite[1.6423790769230777
[999.0, 591.0, 1089.0, 681.0][819.0, 411.0, 909.0, 501.0][729.0, 321.0, 819.0, 411.0][639.0, 231.0, 729.0, 321.0][Combi déjà faite[1.5563134358974366
[549.0, 321.0, 639.0, 411.0][639.0, 411.0, 729.0, 501.0][549.0, 501.0, 639.0, 591.0][459.0, 411.0, 549.0, 501.0][Nouvelle combi[1.6117558974358985
[639.0, 591.0, 729.0, 681.0][279.0, 591.0, 369.0, 681.0][459.0, 411.0, 549.0, 501.0][549.0, 321.0, 639.0, 411.0][Combi déjà faite[1.7685144615384587
[819.0, 411.0, 909.0, 501.0][729.0, 321.0, 819.0, 411.0][639.0, 231.0, 729.0, 321.0][549.0, 321.0, 639.0, 411.0][Combi déjà faite[1.9735392820512772
[999.0, 591.0, 1089.0, 681.0][639.0, 411.0, 729.0, 501.0][549.0, 321.0, 639.0, 411.0][639.0, 231.0, 729.0, 321.0][Combi déjà faite[1.9822219487179495
[639.0, 591.0, 729.0, 681.0][549.0, 501.0, 639.0, 591.0][459.0, 411.0, 549.0, 501.0][549.0, 321.0, 639.0, 411.0][Combi déjà faite[1.5582482051282227
[819.0, 411.0, 909.0, 501.0][729.0, 321.0, 819.0, 411.0][639.0, 231.0, 729.0, 321.0][549.0, 321.0, 639.0, 411.0][Combi déjà faite[1.8950281025640834
[639.0, 411.0, 729.0, 501.0][279.0, 591.0, 369.0, 681.0][459.0, 411.0, 549.0, 501.0][639.0, 591.0, 729.0, 681.0][Combi déjà faite[2.87091979487181
[999.0, 591.0, 1089.0, 681.0][639.0, 591.0, 729.0, 681.0][819.0, 411.0, 909.0, 501.0][549.0, 501.0, 639.0, 591.0][Combi déjà faite[1.8839195897435843
[279.0, 591.0, 369.0, 681.0][549.0, 501.0, 639.0, 591.0][639.0, 411.0, 729.0, 501.0][639.0, 591.0, 729.0, 681.0][Combi déjà faite[2.4928619487179446
[999.0, 591.0, 1089.0, 681.0][819.0, 411.0, 909.0, 501.0][729.0, 321.0, 819.0, 411.0][639.0, 231.0, 729.0, 321.0][Combi déjà faite[1.9861731282051096
[549.0, 321.0, 639.0, 411.0][549.0, 501.0, 639.0, 591.0][639.0, 411.0, 729.0, 501.0][729.0, 321.0, 819.0, 411.0][Nouvelle combi[3.63768738461539
[459.0, 411.0, 549.0, 501.0]
30 sec
[639.0, 591.0, 729.0, 681.0][819.0, 411.0, 909.0, 501.0][729.0, 321.0, 819.0, 411.0][Nouvelle combi[2.676274461538469
[549.0, 501.0, 639.0, 591.0][279.0, 591.0, 369.0, 681.0][459.0, 411.0, 549.0, 501.0][549.0, 321.0, 639.0, 411.0][Nouvelle combi[2.4248635897435804
[639.0, 231.0, 729.0, 321.0][639.0, 591.0, 729.0, 681.0][549.0, 501.0, 639.0, 591.0][459.0, 411.0, 549.0, 501.0][Nouvelle combi[2.9303417435897643
[549.0, 321.0, 639.0, 411.0][999.0, 591.0, 1089.0, 681.0][639.0, 411.0, 729.0, 501.0][729.0, 321.0, 819.0, 411.0][Nouvelle combi[2.478065230769232
[819.0, 411.0, 909.0, 501.0][729.0, 321.0, 819.0, 411.0][639.0, 231.0, 729.0, 321.0][549.0, 321.0, 639.0, 411.0][Combi déjà faite[2.373794871794871
[459.0, 411.0, 549.0, 501.0][639.0, 411.0, 729.0, 501.0][729.0, 321.0, 819.0, 411.0][549.0, 321.0, 639.0, 411.0][Nouvelle combi[1.661828102564101
[549.0, 501.0, 639.0, 591.0][639.0, 591.0, 729.0, 681.0][819.0, 411.0, 909.0, 501.0][279.0, 591.0, 369.0, 681.0][Combi déjà faite[1.7689710769230942
[459.0, 411.0, 549.0, 501.0][999.0, 591.0, 1089.0, 681.0][639.0, 591.0, 729.0, 681.0][549.0, 321.0, 639.0, 411.0][Nouvelle combi[2.144409435897444
[549.0, 501.0, 639.0, 591.0][639.0, 411.0, 729.0, 501.0][639.0, 591.0, 729.0, 681.0][639.0, 231.0, 729.0, 321.0][Nouvelle combi[2.8405247179487105
[999.0, 591.0, 1089.0, 681.0][639.0, 591.0, 729.0, 681.0][459.0, 411.0, 549.0, 501.0][819.0, 411.0, 909.0, 501.0][Nouvelle combi[3.4758564102564264
[549.0, 321.0, 639.0, 411.0][639.0, 591.0, 729.0, 681.0][279.0, 591.0, 369.0, 681.0][549.0, 501.0, 639.0, 591.0][Nouvelle combi[2.2337550769230745
[729.0, 321.0, 819.0, 411.0][639.0, 411.0, 729.0, 501.0][549.0, 501.0, 639.0, 591.0][549.0, 321.0, 639.0, 411.0][Combi déjà faite[2.639659897435905
[639.0, 591.0, 729.0, 681.0]

Bonnes réponses=[ 48.00
Erreurs couleur:[ 0.00
Erreurs répétition:[ 30.00
Erreurs même cercle:[ 1.00
Erreurs à côté:[ 0.00
Erreurs totales:[31
Nombre de réponses:[79
Taux de réussite=[ 60.76
RTmoy reussi sec=[ 2.168
RTmoy deja fait sec=[ 2.081
RTmoy tot sec=[ 2.135
RTmax sec=[ 3.638
RTmin sec=[ 1.453

