
TACHE SPATIALE DIFFICILE FAIBLE GAIN

Coord distracteur bleu 1 [639.0, 411.0, 729.0, 501.0]
Coord distracteur bleu 2 [459.0, 411.0, 549.0, 501.0]
Coord distracteur bleu 3 [819.0, 591.0, 909.0, 681.0]
Coord distracteur rouge 1 [549.0, 501.0, 639.0, 591.0]
Coord distracteur rouge 2 [459.0, 591.0, 549.0, 681.0]

[Coord Cercle 1[Coord Cercle 2[Coord Cercle 3[Coord Cercle 4[Combi[RT
[279.0, 591.0, 369.0, 681.0][369.0, 501.0, 459.0, 591.0][549.0, 321.0, 639.0, 411.0][639.0, 231.0, 729.0, 321.0][Nouvelle combi[3.435136410256405
[369.0, 501.0, 459.0, 591.0][549.0, 321.0, 639.0, 411.0][639.0, 231.0, 729.0, 321.0][729.0, 321.0, 819.0, 411.0][Nouvelle combi[4.56477292307693
[549.0, 321.0, 639.0, 411.0][639.0, 231.0, 729.0, 321.0][729.0, 321.0, 819.0, 411.0][819.0, 411.0, 909.0, 501.0][Nouvelle combi[3.938491487179533
[639.0, 231.0, 729.0, 321.0][729.0, 321.0, 819.0, 411.0][819.0, 411.0, 909.0, 501.0][729.0, 501.0, 819.0, 591.0][Nouvelle combi[3.3584976410256786
[819.0, 411.0, 909.0, 501.0][729.0, 501.0, 819.0, 591.0][639.0, 591.0, 729.0, 681.0][909.0, 501.0, 999.0, 591.0][Nouvelle combi[2.8460697435897373
[999.0, 591.0, 1089.0, 681.0][909.0, 501.0, 999.0, 591.0][819.0, 411.0, 909.0, 501.0][729.0, 501.0, 819.0, 591.0][Nouvelle combi[3.025526564102563
[639.0, 591.0, 729.0, 681.0][639.0, 591.0, 729.0, 681.0][[[Meme cercle
[639.0, 591.0, 729.0, 681.0][549.0, 321.0, 639.0, 411.0][369.0, 501.0, 459.0, 591.0][279.0, 591.0, 369.0, 681.0][Nouvelle combi[2.3508931282051435
[729.0, 501.0, 819.0, 591.0][729.0, 321.0, 819.0, 411.0][639.0, 231.0, 729.0, 321.0][549.0, 321.0, 639.0, 411.0][Nouvelle combi[4.207577025641058
[639.0, 591.0, 729.0, 681.0][999.0, 591.0, 1089.0, 681.0][909.0, 501.0, 999.0, 591.0][819.0, 411.0, 909.0, 501.0][Nouvelle combi[3.1043991794871886
[819.0, 411.0, 909.0, 501.0][729.0, 501.0, 819.0, 591.0][909.0, 501.0, 999.0, 591.0][999.0, 591.0, 1089.0, 681.0][Combi déjà faite[2.9918551794871746
[639.0, 591.0, 729.0, 681.0][549.0, 321.0, 639.0, 411.0][369.0, 501.0, 459.0, 591.0][639.0, 231.0, 729.0, 321.0][Nouvelle combi[5.334019282051258
[729.0, 321.0, 819.0, 411.0][729.0, 501.0, 819.0, 591.0][819.0, 411.0, 909.0, 501.0][909.0, 501.0, 999.0, 591.0][Nouvelle combi[3.2875860512820054
[999.0, 591.0, 1089.0, 681.0][729.0, 501.0, 819.0, 591.0][639.0, 591.0, 729.0, 681.0][909.0, 501.0, 999.0, 591.0][Nouvelle combi[4.639826871794867
[999.0, 591.0, 1089.0, 681.0][819.0, 411.0, 909.0, 501.0][729.0, 321.0, 819.0, 411.0][639.0, 231.0, 729.0, 321.0][Nouvelle combi[3.2452750769230647
[819.0, 411.0, 909.0, 501.0][549.0, 321.0, 639.0, 411.0][729.0, 321.0, 819.0, 411.0][729.0, 501.0, 819.0, 591.0][Nouvelle combi[4.622977230769209
[639.0, 591.0, 729.0, 681.0][369.0, 501.0, 459.0, 591.0][549.0, 321.0, 639.0, 411.0][639.0, 231.0, 729.0, 321.0][Combi déjà faite[3.413892512820496
[279.0, 591.0, 369.0, 681.0][729.0, 501.0, 819.0, 591.0][819.0, 411.0, 909.0, 501.0][909.0, 501.0, 999.0, 591.0][Nouvelle combi[3.8984352820513095
[639.0, 591.0, 729.0, 681.0][999.0, 591.0, 1089.0, 681.0][729.0, 501.0, 819.0, 591.0][909.0, 501.0, 999.0, 591.0][Combi déjà faite[3.156366358974367
[819.0, 411.0, 909.0, 501.0][999.0, 591.0, 1089.0, 681.0][729.0, 321.0, 819.0, 411.0][639.0, 231.0, 729.0, 321.0][Combi déjà faite[3.6353530256409954
[819.0, 411.0, 909.0, 501.0][909.0, 501.0, 999.0, 591.0][729.0, 501.0, 819.0, 591.0][999.0, 591.0, 1089.0, 681.0][Combi déjà faite[3.9839085128205056
[639.0, 591.0, 729.0, 681.0][999.0, 591.0, 1089.0, 681.0][909.0, 501.0, 999.0, 591.0][819.0, 411.0, 909.0, 501.0][Combi déjà faite[2.9497989743589983
[729.0, 501.0, 819.0, 591.0][549.0, 321.0, 639.0, 411.0][639.0, 231.0, 729.0, 321.0][729.0, 321.0, 819.0, 411.0][Combi déjà faite[3.790323692307652
[819.0, 411.0, 909.0, 501.0][369.0, 501.0, 459.0, 591.0][279.0, 591.0, 369.0, 681.0][639.0, 591.0, 729.0, 681.0][Nouvelle combi[3.585502358974338
[909.0, 501.0, 999.0, 591.0][819.0, 411.0, 909.0, 501.0][729.0, 501.0, 819.0, 591.0][999.0, 591.0, 1089.0, 681.0][Combi déjà faite[4.638733538461565
[639.0, 591.0, 729.0, 681.0][819.0, 411.0, 909.0, 501.0][729.0, 321.0, 819.0, 411.0][639.0, 231.0, 729.0, 321.0][Nouvelle combi[3.7628828717948863
[729.0, 501.0, 819.0, 591.0][549.0, 321.0, 639.0, 411.0][639.0, 231.0, 729.0, 321.0][729.0, 321.0, 819.0, 411.0][Combi déjà faite[2.9948250256410347
[819.0, 411.0, 909.0, 501.0][729.0, 501.0, 819.0, 591.0][909.0, 501.0, 999.0, 591.0][999.0, 591.0, 1089.0, 681.0][Combi déjà faite[3.8925394871795334
[639.0, 591.0, 729.0, 681.0][369.0, 501.0, 459.0, 591.0][549.0, 321.0, 639.0, 411.0][639.0, 231.0, 729.0, 321.0][Combi déjà faite[3.3697169230769646
[729.0, 321.0, 819.0, 411.0][639.0, 231.0, 729.0, 321.0][549.0, 321.0, 639.0, 411.0][639.0, 591.0, 729.0, 681.0][Nouvelle combi[3.402145230769179
[729.0, 501.0, 819.0, 591.0][639.0, 591.0, 729.0, 681.0][369.0, 501.0, 459.0, 591.0][279.0, 591.0, 369.0, 681.0][Nouvelle combi[3.3392488205128075
[819.0, 411.0, 909.0, 501.0][729.0, 501.0, 819.0, 591.0][369.0, 501.0, 459.0, 591.0][279.0, 591.0, 369.0, 681.0][Nouvelle combi[2.5663015384615733
[909.0, 501.0, 999.0, 591.0][999.0, 591.0, 1089.0, 681.0][369.0, 501.0, 459.0, 591.0][279.0, 591.0, 369.0, 681.0][Nouvelle combi[2.705730461538451
[819.0, 411.0, 909.0, 501.0][729.0, 501.0, 819.0, 591.0][549.0, 321.0, 639.0, 411.0][369.0, 501.0, 459.0, 591.0][Nouvelle combi[6.28467815384613
[729.0, 501.0, 819.0, 591.0][639.0, 591.0, 729.0, 681.0][639.0, 231.0, 729.0, 321.0][549.0, 321.0, 639.0, 411.0][Nouvelle combi[4.210990358974357
[729.0, 321.0, 819.0, 411.0][819.0, 411.0, 909.0, 501.0][369.0, 501.0, 459.0, 591.0][639.0, 591.0, 729.0, 681.0][Nouvelle combi[4.5235388717948695
[729.0, 501.0, 819.0, 591.0][909.0, 501.0, 999.0, 591.0][369.0, 501.0, 459.0, 591.0][279.0, 591.0, 369.0, 681.0][Nouvelle combi[3.1150756923076983
[729.0, 501.0, 819.0, 591.0][999.0, 591.0, 1089.0, 681.0][369.0, 501.0, 459.0, 591.0][279.0, 591.0, 369.0, 681.0][Nouvelle combi[2.6873530256410163
[729.0, 501.0, 819.0, 591.0][909.0, 501.0, 999.0, 591.0][369.0, 501.0, 459.0, 591.0][279.0, 591.0, 369.0, 681.0][Combi déjà faite[4.4286609230769045
[639.0, 231.0, 729.0, 321.0][549.0, 321.0, 639.0, 411.0][369.0, 501.0, 459.0, 591.0][909.0, 501.0, 999.0, 591.0][Nouvelle combi[2.555649230769234
[639.0, 231.0, 729.0, 321.0][549.0, 321.0, 639.0, 411.0]
30 sec
[819.0, 411.0, 909.0, 501.0][729.0, 501.0, 819.0, 591.0][Nouvelle combi[3.1261419487179865
[639.0, 231.0, 729.0, 321.0][549.0, 321.0, 639.0, 411.0][729.0, 321.0, 819.0, 411.0][819.0, 411.0, 909.0, 501.0][Combi déjà faite[2.8773472820512893
[639.0, 231.0, 729.0, 321.0][549.0, 321.0, 639.0, 411.0][909.0, 501.0, 999.0, 591.0][999.0, 591.0, 1089.0, 681.0][Nouvelle combi[2.7491561025640863
[639.0, 231.0, 729.0, 321.0][549.0, 321.0, 639.0, 411.0][729.0, 321.0, 819.0, 411.0][729.0, 501.0, 819.0, 591.0][Combi déjà faite[2.5783470769230803
[639.0, 231.0, 729.0, 321.0][549.0, 321.0, 639.0, 411.0][819.0, 411.0, 909.0, 501.0][639.0, 591.0, 729.0, 681.0][Nouvelle combi[2.385668102564125
[549.0, 321.0, 639.0, 411.0][369.0, 501.0, 459.0, 591.0][729.0, 321.0, 819.0, 411.0][729.0, 501.0, 819.0, 591.0][Nouvelle combi[2.642809025641043
[909.0, 501.0, 999.0, 591.0][999.0, 591.0, 1089.0, 681.0][999.0, 591.0, 1089.0, 681.0][[Meme cercle
[909.0, 501.0, 999.0, 591.0][729.0, 321.0, 819.0, 411.0][639.0, 231.0, 729.0, 321.0][819.0, 411.0, 909.0, 501.0][Nouvelle combi[3.625585641025623
[729.0, 501.0, 819.0, 591.0][549.0, 321.0, 639.0, 411.0][369.0, 501.0, 459.0, 591.0][352, 688[A cote
[729.0, 501.0, 819.0, 591.0][639.0, 591.0, 729.0, 681.0][369.0, 501.0, 459.0, 591.0][819.0, 411.0, 909.0, 501.0][Nouvelle combi[3.4986707692307846
[909.0, 501.0, 999.0, 591.0][729.0, 321.0, 819.0, 411.0][639.0, 231.0, 729.0, 321.0][549.0, 321.0, 639.0, 411.0][Nouvelle combi[2.737652102564141


Bonnes réponses=[ 34.00
Erreurs couleur:[ 0.00
Erreurs répétition:[ 14.00
Erreurs même cercle:[ 2.00
Erreurs à côté:[ 1.00
Erreurs totales:[17
Nombre de réponses:[51
Taux de réussite=[ 66.67
RTmoy reussi sec=[ 3.511
RTmoy deja fait sec=[ 3.479
RTmoy tot sec=[ 3.501
RTmax sec=[ 6.285
RTmin sec=[ 2.351

