
TACHE SPATIALE DIFFICILE FORT GAIN

Coord distracteur bleu 1 [729.0, 501.0, 819.0, 591.0]
Coord distracteur bleu 2 [459.0, 591.0, 549.0, 681.0]
Coord distracteur bleu 3 [999.0, 591.0, 1089.0, 681.0]
Coord distracteur rouge 1 [279.0, 591.0, 369.0, 681.0]
Coord distracteur rouge 2 [729.0, 321.0, 819.0, 411.0]

[Coord Cercle 1[Coord Cercle 2[Coord Cercle 3[Coord Cercle 4[Combi[RT[Temps Ecoule
[369.0, 501.0, 459.0, 591.0][459.0, 411.0, 549.0, 501.0][549.0, 321.0, 639.0, 411.0][639.0, 231.0, 729.0, 321.0][Nouvelle combi[8.762512194861756[8.762512194861756
[639.0, 411.0, 729.0, 501.0][549.0, 501.0, 639.0, 591.0][639.0, 591.0, 729.0, 681.0][819.0, 411.0, 909.0, 501.0][Nouvelle combi[2.3225515302141275[11.085063725075884
[909.0, 501.0, 999.0, 591.0][819.0, 591.0, 909.0, 681.0][639.0, 591.0, 729.0, 681.0][819.0, 411.0, 909.0, 501.0][Nouvelle combi[2.430751236306662[13.515814961382546
[819.0, 591.0, 909.0, 681.0][639.0, 591.0, 729.0, 681.0][549.0, 501.0, 639.0, 591.0][639.0, 411.0, 729.0, 501.0][Nouvelle combi[2.2192256662763725[15.735040627658918
[909.0, 501.0, 999.0, 591.0][819.0, 411.0, 909.0, 501.0][639.0, 231.0, 729.0, 321.0][549.0, 321.0, 639.0, 411.0][Nouvelle combi[1.7812625384512444[17.516303166110163
[459.0, 411.0, 549.0, 501.0][369.0, 501.0, 459.0, 591.0][549.0, 501.0, 639.0, 591.0][639.0, 591.0, 729.0, 681.0][Nouvelle combi[3.0373550462727508[20.553658212382913
[639.0, 231.0, 729.0, 321.0][549.0, 321.0, 639.0, 411.0][639.0, 411.0, 729.0, 501.0][819.0, 411.0, 909.0, 501.0][Nouvelle combi[2.234177859136139[22.787836071519052
[639.0, 231.0, 729.0, 321.0][549.0, 321.0, 639.0, 411.0][639.0, 411.0, 729.0, 501.0][549.0, 501.0, 639.0, 591.0][Nouvelle combi[2.074360964626919[24.86219703614597
[369.0, 501.0, 459.0, 591.0][459.0, 411.0, 549.0, 501.0][549.0, 321.0, 639.0, 411.0][639.0, 231.0, 729.0, 321.0][Combi déjà faite[[2.0177804982313887[2.0177804982313887
[909.0, 501.0, 999.0, 591.0][819.0, 411.0, 909.0, 501.0][639.0, 411.0, 729.0, 501.0][639.0, 591.0, 729.0, 681.0][Nouvelle combi[3.258024403672266[28.120221439818238
[819.0, 591.0, 909.0, 681.0][549.0, 501.0, 639.0, 591.0][459.0, 411.0, 549.0, 501.0][549.0, 321.0, 639.0, 411.0][Nouvelle combi[3.546441808047746[31.666663247865984
[639.0, 231.0, 729.0, 321.0][639.0, 411.0, 729.0, 501.0][549.0, 321.0, 639.0, 411.0][459.0, 411.0, 549.0, 501.0][Nouvelle combi[2.5570374916615606[34.223700739527544
[369.0, 501.0, 459.0, 591.0][459.0, 411.0, 549.0, 501.0][549.0, 321.0, 639.0, 411.0][639.0, 231.0, 729.0, 321.0][Combi déjà faite[[2.2388071886710463[4.256587686902435
[639.0, 231.0, 729.0, 321.0][639.0, 411.0, 729.0, 501.0][549.0, 501.0, 639.0, 591.0][549.0, 321.0, 639.0, 411.0][Combi déjà faite[[2.3535619663081206[6.610149653210556
[459.0, 411.0, 549.0, 501.0][369.0, 501.0, 459.0, 591.0][639.0, 591.0, 729.0, 681.0][639.0, 411.0, 729.0, 501.0][Nouvelle combi[2.4782523255365163[36.70195306506406
[549.0, 501.0, 639.0, 591.0][819.0, 411.0, 909.0, 501.0][909.0, 501.0, 999.0, 591.0][819.0, 591.0, 909.0, 681.0][Nouvelle combi[3.197199838195047[39.89915290325911
[909.0, 501.0, 999.0, 591.0][819.0, 591.0, 909.0, 681.0][819.0, 411.0, 909.0, 501.0][639.0, 231.0, 729.0, 321.0][Nouvelle combi[3.411006021738615[43.31015892499772
[549.0, 321.0, 639.0, 411.0][459.0, 411.0, 549.0, 501.0][369.0, 501.0, 459.0, 591.0][639.0, 411.0, 729.0, 501.0][Nouvelle combi[4.371038054532903[47.681196979530625
[639.0, 231.0, 729.0, 321.0][549.0, 321.0, 639.0, 411.0][639.0, 411.0, 729.0, 501.0][549.0, 501.0, 639.0, 591.0][Combi déjà faite[[3.1719026281824654[9.782052281393021
[369.0, 501.0, 459.0, 591.0][459.0, 411.0, 549.0, 501.0][549.0, 321.0, 639.0, 411.0][639.0, 231.0, 729.0, 321.0][Combi déjà faite[[3.1838743106672496[12.96592659206027
[549.0, 501.0, 639.0, 591.0][639.0, 411.0, 729.0, 501.0][819.0, 411.0, 909.0, 501.0][639.0, 591.0, 729.0, 681.0][Combi déjà faite[[2.663105507195496[15.629032099255767
[819.0, 411.0, 909.0, 501.0][909.0, 501.0, 999.0, 591.0][819.0, 591.0, 909.0, 681.0][639.0, 411.0, 729.0, 501.0][Nouvelle combi[3.815376561742312[51.49657354127294
[639.0, 231.0, 729.0, 321.0][549.0, 321.0, 639.0, 411.0][459.0, 411.0, 549.0, 501.0][369.0, 501.0, 459.0, 591.0][Combi déjà faite[[2.4905526231363524[18.11958472239212
[639.0, 231.0, 729.0, 321.0][639.0, 411.0, 729.0, 501.0][549.0, 501.0, 639.0, 591.0][639.0, 591.0, 729.0, 681.0][Nouvelle combi[3.062999332923596[54.55957287419653
[819.0, 411.0, 909.0, 501.0][639.0, 231.0, 729.0, 321.0][639.0, 411.0, 729.0, 501.0][549.0, 321.0, 639.0, 411.0][Combi déjà faite[[3.469355922579723[21.588940644971842
[819.0, 411.0, 909.0, 501.0][819.0, 411.0, 909.0, 501.0][[[Meme cercle
[639.0, 231.0, 729.0, 321.0][549.0, 321.0, 639.0, 411.0][459.0, 411.0, 549.0, 501.0][369.0, 501.0, 459.0, 591.0][Combi déjà faite[[2.3182319440147694[23.90717258898661
[639.0, 231.0, 729.0, 321.0][819.0, 411.0, 909.0, 501.0][909.0, 501.0, 999.0, 591.0][819.0, 591.0, 909.0, 681.0][Combi déjà faite[[4.5690165587556635[28.476189147742275
[639.0, 231.0, 729.0, 321.0][639.0, 411.0, 729.0, 501.0][549.0, 321.0, 639.0, 411.0][459.0, 411.0, 549.0, 501.0][Combi déjà faite[[2.1778476489455443[30.65403679668782
[459.0, 411.0, 549.0, 501.0][549.0, 501.0, 639.0, 591.0][639.0, 591.0, 729.0, 681.0][639.0, 411.0, 729.0, 501.0][Nouvelle combi[2.768224190175033[57.327797064371566
[369.0, 501.0, 459.0, 591.0][459.0, 411.0, 549.0, 501.0][549.0, 321.0, 639.0, 411.0][639.0, 231.0, 729.0, 321.0][Combi déjà faite[[4.265207167009521[34.91924396369734
[639.0, 411.0, 729.0, 501.0][549.0, 501.0, 639.0, 591.0][639.0, 591.0, 729.0, 681.0][819.0, 411.0, 909.0, 501.0][Combi déjà faite[[2.5441956560446215[37.46343961974196
[369.0, 501.0, 459.0, 591.0][459.0, 411.0, 549.0, 501.0][549.0, 321.0, 639.0, 411.0][639.0, 231.0, 729.0, 321.0][Combi déjà faite[[4.345355614067159[41.80879523380912
[639.0, 411.0, 729.0, 501.0][549.0, 501.0, 639.0, 591.0][639.0, 591.0, 729.0, 681.0][819.0, 591.0, 909.0, 681.0][Combi déjà faite[[2.4561690616048963[44.26496429541402
[819.0, 411.0, 909.0, 501.0][909.0, 501.0, 999.0, 591.0][819.0, 591.0, 909.0, 681.0][639.0, 411.0, 729.0, 501.0][Combi déjà faite[[2.6107908834536033[46.87575517886762
[639.0, 231.0, 729.0, 321.0][549.0, 321.0, 639.0, 411.0][639.0, 411.0, 729.0, 501.0][819.0, 411.0, 909.0, 501.0][Combi déjà faite[[2.5267343370385333[49.402489515906154
[369.0, 501.0, 459.0, 591.0][459.0, 411.0, 549.0, 501.0][549.0, 321.0, 639.0, 411.0][639.0, 231.0, 729.0, 321.0][Combi déjà faite[[2.51473229560429[51.917221811510444
[639.0, 231.0, 729.0, 321.0][639.0, 411.0, 729.0, 501.0][549.0, 321.0, 639.0, 411.0][459.0, 411.0, 549.0, 501.0][Combi déjà faite[[2.606222682073735[54.52344449358418
[459.0, 411.0, 549.0, 501.0][549.0, 501.0, 639.0, 591.0][369.0, 501.0, 459.0, 591.0][639.0, 591.0, 729.0, 681.0][Combi déjà faite[[2.575414502224021[57.0988589958082
[549.0, 321.0, 639.0, 411.0][639.0, 411.0, 729.0, 501.0][819.0, 591.0, 909.0, 681.0][819.0, 411.0, 909.0, 501.0][Nouvelle combi[2.508400403363794[59.83619746773536
[639.0, 231.0, 729.0, 321.0][639.0, 411.0, 729.0, 501.0][549.0, 501.0, 639.0, 591.0][639.0, 591.0, 729.0, 681.0][Combi déjà faite[[2.48138627168305[59.58024526749125
[549.0, 321.0, 639.0, 411.0][459.0, 411.0, 549.0, 501.0][369.0, 501.0, 459.0, 591.0][639.0, 411.0, 729.0, 501.0][Combi déjà faite[[2.7577146603367737[62.337959927828024
[639.0, 231.0, 729.0, 321.0][819.0, 411.0, 909.0, 501.0][909.0, 501.0, 999.0, 591.0][819.0, 591.0, 909.0, 681.0][Combi déjà faite[[2.639478039402661[64.97743796723068
[549.0, 321.0, 639.0, 411.0][639.0, 411.0, 729.0, 501.0][549.0, 501.0, 639.0, 591.0][639.0, 591.0, 729.0, 681.0][Nouvelle combi[2.0436290924069453[61.879826560142305
[459.0, 411.0, 549.0, 501.0][549.0, 321.0, 639.0, 411.0][639.0, 231.0, 729.0, 321.0][369.0, 501.0, 459.0, 591.0][Combi déjà faite[[6.617149852594935[71.59458781982562
[639.0, 231.0, 729.0, 321.0][549.0, 321.0, 639.0, 411.0][639.0, 411.0, 729.0, 501.0][459.0, 411.0, 549.0, 501.0][Combi déjà faite[[2.608149654851559[74.20273747467718
[369.0, 501.0, 459.0, 591.0][459.0, 411.0, 549.0, 501.0][549.0, 321.0, 639.0, 411.0][639.0, 231.0, 729.0, 321.0][Combi déjà faite[[2.8489736623805584[77.05171113705774
[639.0, 411.0, 729.0, 501.0][549.0, 501.0, 639.0, 591.0][819.0, 411.0, 909.0, 501.0][639.0, 591.0, 729.0, 681.0][Combi déjà faite[[3.2037040379864266[80.25541517504416

30 sec
[909.0, 501.0, 999.0, 591.0][819.0, 411.0, 909.0, 501.0][819.0, 591.0, 909.0, 681.0][635, 661[A cote
[639.0, 411.0, 729.0, 501.0][549.0, 501.0, 639.0, 591.0][459.0, 411.0, 549.0, 501.0][549.0, 321.0, 639.0, 411.0][Nouvelle combi[3.000710153263526[64.88053671340583
[639.0, 231.0, 729.0, 321.0][549.0, 321.0, 639.0, 411.0][459.0, 411.0, 549.0, 501.0][369.0, 501.0, 459.0, 591.0][Combi déjà faite[[3.8079685678206943[84.06338374286486
[639.0, 231.0, 729.0, 321.0][819.0, 411.0, 909.0, 501.0][909.0, 501.0, 999.0, 591.0][819.0, 591.0, 909.0, 681.0][Combi déjà faite[[4.520142342447343[88.5835260853122
[639.0, 231.0, 729.0, 321.0][549.0, 321.0, 639.0, 411.0][459.0, 411.0, 549.0, 501.0][369.0, 501.0, 459.0, 591.0][Combi déjà faite[[2.3675685189181195[90.95109460423032
[639.0, 231.0, 729.0, 321.0][639.0, 411.0, 729.0, 501.0][549.0, 501.0, 639.0, 591.0][549.0, 321.0, 639.0, 411.0][Combi déjà faite[[3.1725442686816905[94.12363887291201
[459.0, 411.0, 549.0, 501.0][369.0, 501.0, 459.0, 591.0][639.0, 591.0, 729.0, 681.0][549.0, 501.0, 639.0, 591.0][Combi déjà faite[[2.6986308113798714[96.82226968429188
[819.0, 411.0, 909.0, 501.0][639.0, 411.0, 729.0, 501.0][549.0, 501.0, 639.0, 591.0][639.0, 591.0, 729.0, 681.0][Combi déjà faite[[3.6112585753775193[100.4335282596694
[909.0, 501.0, 999.0, 591.0][819.0, 591.0, 909.0, 681.0][819.0, 411.0, 909.0, 501.0][639.0, 411.0, 729.0, 501.0][Combi déjà faite[[2.456743420107955[102.89027167977736
[639.0, 231.0, 729.0, 321.0]

Bonnes réponses=[ 21.00
Erreurs couleur:[ 0.00
Erreurs répétition:[ 34.00
Erreurs même cercle:[ 1.00
Erreurs à côté:[ 1.00
Erreurs totales:[36
Nombre de réponses:[57
Taux de réussite=[ 36.84
RTmoy reussi sec=[ 3.090
RTmoy deja fait sec=[ 3.026
RTmoy tot sec=[ 3.050
RTmax sec=[ 8.763
RTmin sec=[ 1.781

