
TACHE SPATIALE DIFFICILE FAIBLE GAIN

Coord distracteur bleu 1 [729.0, 501.0, 819.0, 591.0]
Coord distracteur bleu 2 [459.0, 591.0, 549.0, 681.0]
Coord distracteur bleu 3 [639.0, 411.0, 729.0, 501.0]
Coord distracteur rouge 1 [819.0, 411.0, 909.0, 501.0]
Coord distracteur rouge 2 [909.0, 501.0, 999.0, 591.0]

[Coord Cercle 1[Coord Cercle 2[Coord Cercle 3[Coord Cercle 4[Combi[RT[temps ecoule
[279.0, 591.0, 369.0, 681.0][369.0, 501.0, 459.0, 591.0][459.0, 411.0, 549.0, 501.0][549.0, 321.0, 639.0, 411.0][Nouvelle combi[8.74971384638863[8.74971384638863
[639.0, 231.0, 729.0, 321.0][729.0, 321.0, 819.0, 411.0][549.0, 321.0, 639.0, 411.0][549.0, 501.0, 639.0, 591.0][Nouvelle combi[3.1806833389265137[11.930397185315144
[639.0, 591.0, 729.0, 681.0][819.0, 591.0, 909.0, 681.0][999.0, 591.0, 1089.0, 681.0][549.0, 501.0, 639.0, 591.0][Nouvelle combi[3.2489729239196663[15.17937010923481
[549.0, 321.0, 639.0, 411.0][459.0, 411.0, 549.0, 501.0][549.0, 501.0, 639.0, 591.0][729.0, 321.0, 819.0, 411.0][Nouvelle combi[3.055999954051316[18.235370063286126
[639.0, 231.0, 729.0, 321.0][549.0, 321.0, 639.0, 411.0][459.0, 411.0, 549.0, 501.0][369.0, 501.0, 459.0, 591.0][Nouvelle combi[2.3810023540493432[20.61637241733547
[279.0, 591.0, 369.0, 681.0][369.0, 501.0, 459.0, 591.0][459.0, 411.0, 549.0, 501.0][549.0, 321.0, 639.0, 411.0][Combi déjà faite[2.3810023540493432[22.997374771384813
[549.0, 321.0, 639.0, 411.0][549.0, 501.0, 639.0, 591.0][639.0, 591.0, 729.0, 681.0][819.0, 591.0, 909.0, 681.0][Nouvelle combi[2.7111977754274506[25.708572546812263
[639.0, 231.0, 729.0, 321.0][729.0, 321.0, 819.0, 411.0][999.0, 591.0, 1089.0, 681.0][549.0, 321.0, 639.0, 411.0][Nouvelle combi[2.405458539110924[28.114031085923187
[639.0, 231.0, 729.0, 321.0][549.0, 321.0, 639.0, 411.0][459.0, 411.0, 549.0, 501.0][369.0, 501.0, 459.0, 591.0][Combi déjà faite[2.405458539110924[30.51948962503411
[279.0, 591.0, 369.0, 681.0][369.0, 501.0, 459.0, 591.0][459.0, 411.0, 549.0, 501.0][549.0, 501.0, 639.0, 591.0][Nouvelle combi[3.1773438544871055[33.69683347952122
[639.0, 591.0, 729.0, 681.0][549.0, 321.0, 639.0, 411.0][639.0, 231.0, 729.0, 321.0][729.0, 321.0, 819.0, 411.0][Nouvelle combi[3.1000942768457094[36.79692775636693
[819.0, 591.0, 909.0, 681.0][729.0, 321.0, 819.0, 411.0][999.0, 591.0, 1089.0, 681.0][639.0, 231.0, 729.0, 321.0][Nouvelle combi[2.8235107089142844[39.62043846528121
[639.0, 231.0, 729.0, 321.0][549.0, 321.0, 639.0, 411.0][729.0, 321.0, 819.0, 411.0][549.0, 501.0, 639.0, 591.0][Combi déjà faite[2.8235107089142844[42.443949174195495
[639.0, 231.0, 729.0, 321.0][549.0, 321.0, 639.0, 411.0][459.0, 411.0, 549.0, 501.0][549.0, 501.0, 639.0, 591.0][Nouvelle combi[3.1814300049805126[45.62537917917601
[459.0, 411.0, 549.0, 501.0][369.0, 501.0, 459.0, 591.0][279.0, 591.0, 369.0, 681.0][549.0, 501.0, 639.0, 591.0][Combi déjà faite[3.1814300049805126[48.80680918415652
[639.0, 231.0, 729.0, 321.0][729.0, 321.0, 819.0, 411.0][549.0, 321.0, 639.0, 411.0][549.0, 501.0, 639.0, 591.0][Combi déjà faite[3.1814300049805126[51.98823918913703
[639.0, 591.0, 729.0, 681.0][819.0, 591.0, 909.0, 681.0][999.0, 591.0, 1089.0, 681.0][819.0, 411.0, 909.0, 501.0][Distracteur Rouge[3.1814300049805126[55.169669194117546
[729.0, 321.0, 819.0, 411.0][639.0, 231.0, 729.0, 321.0][549.0, 321.0, 639.0, 411.0][459.0, 411.0, 549.0, 501.0][Nouvelle combi[3.2867739185444407[58.45644311266199
[459.0, 411.0, 549.0, 501.0][549.0, 501.0, 639.0, 591.0][639.0, 591.0, 729.0, 681.0][369.0, 501.0, 459.0, 591.0][Nouvelle combi[3.382020199368071[61.83846331203006
[279.0, 591.0, 369.0, 681.0][369.0, 501.0, 459.0, 591.0][459.0, 411.0, 549.0, 501.0][549.0, 321.0, 639.0, 411.0][Combi déjà faite[3.382020199368071[65.22048351139813
[639.0, 231.0, 729.0, 321.0][729.0, 321.0, 819.0, 411.0][999.0, 591.0, 1089.0, 681.0][819.0, 591.0, 909.0, 681.0][Combi déjà faite[3.382020199368071[68.6025037107662
[639.0, 591.0, 729.0, 681.0][549.0, 501.0, 639.0, 591.0][459.0, 411.0, 549.0, 501.0][549.0, 321.0, 639.0, 411.0][Nouvelle combi[2.810426411957792[71.41293012272399
[279.0, 591.0, 369.0, 681.0][369.0, 501.0, 459.0, 591.0][459.0, 411.0, 549.0, 501.0][549.0, 321.0, 639.0, 411.0][Combi déjà faite[2.810426411957792[74.22335653468178
[639.0, 231.0, 729.0, 321.0][729.0, 321.0, 819.0, 411.0][549.0, 321.0, 639.0, 411.0][459.0, 411.0, 549.0, 501.0][Combi déjà faite[2.810426411957792[77.03378294663958
[639.0, 231.0, 729.0, 321.0][729.0, 321.0, 819.0, 411.0][549.0, 321.0, 639.0, 411.0][549.0, 501.0, 639.0, 591.0][Combi déjà faite[2.810426411957792[79.84420935859737
[549.0, 501.0, 639.0, 591.0][639.0, 591.0, 729.0, 681.0][459.0, 411.0, 549.0, 501.0][369.0, 501.0, 459.0, 591.0][Combi déjà faite[2.810426411957792[82.65463577055516
[279.0, 591.0, 369.0, 681.0][369.0, 501.0, 459.0, 591.0][459.0, 411.0, 549.0, 501.0][549.0, 321.0, 639.0, 411.0][Combi déjà faite[2.810426411957792[85.46506218251295
[639.0, 231.0, 729.0, 321.0][729.0, 321.0, 819.0, 411.0][999.0, 591.0, 1089.0, 681.0][819.0, 591.0, 909.0, 681.0][Combi déjà faite[2.810426411957792[88.27548859447074
[999.0, 591.0, 1089.0, 681.0][819.0, 591.0, 909.0, 681.0][729.0, 321.0, 819.0, 411.0][639.0, 231.0, 729.0, 321.0][Combi déjà faite[2.810426411957792[91.08591500642854
[549.0, 321.0, 639.0, 411.0][729.0, 321.0, 819.0, 411.0][459.0, 411.0, 549.0, 501.0][549.0, 501.0, 639.0, 591.0][Combi déjà faite[2.810426411957792[93.89634141838633
[369.0, 501.0, 459.0, 591.0][459.0, 411.0, 549.0, 501.0][549.0, 321.0, 639.0, 411.0][639.0, 231.0, 729.0, 321.0][Combi déjà faite[2.810426411957792[96.70676783034412
[639.0, 231.0, 729.0, 321.0][549.0, 321.0, 639.0, 411.0][549.0, 501.0, 639.0, 591.0][639.0, 591.0, 729.0, 681.0][Nouvelle combi[2.5889627987997983[99.29573062914392
[639.0, 231.0, 729.0, 321.0][729.0, 321.0, 819.0, 411.0][819.0, 591.0, 909.0, 681.0][639.0, 591.0, 729.0, 681.0][Nouvelle combi[3.1990669135861367[102.49479754273005
[639.0, 231.0, 729.0, 321.0][549.0, 321.0, 639.0, 411.0][459.0, 411.0, 549.0, 501.0][549.0, 501.0, 639.0, 591.0][Combi déjà faite[3.1990669135861367[105.69386445631619
[639.0, 231.0, 729.0, 321.0][729.0, 321.0, 819.0, 411.0][549.0, 321.0, 639.0, 411.0][459.0, 411.0, 549.0, 501.0][Combi déjà faite[3.1990669135861367[108.89293136990233
[369.0, 501.0, 459.0, 591.0][279.0, 591.0, 369.0, 681.0][549.0, 501.0, 639.0, 591.0][639.0, 591.0, 729.0, 681.0][Nouvelle combi[2.5651453824448254[111.45807675234715
[999.0, 591.0, 1089.0, 681.0][819.0, 591.0, 909.0, 681.0][639.0, 591.0, 729.0, 681.0][549.0, 501.0, 639.0, 591.0][Combi déjà faite[2.5651453824448254[114.02322213479198
[639.0, 231.0, 729.0, 321.0][729.0, 321.0, 819.0, 411.0][549.0, 321.0, 639.0, 411.0][459.0, 411.0, 549.0, 501.0][Combi déjà faite[2.5651453824448254[116.5883675172368
[369.0, 501.0, 459.0, 591.0][279.0, 591.0, 369.0, 681.0][459.0, 411.0, 549.0, 501.0][549.0, 321.0, 639.0, 411.0][Combi déjà faite[2.5651453824448254[119.15351289968163
[639.0, 231.0, 729.0, 321.0][729.0, 321.0, 819.0, 411.0][549.0, 321.0, 639.0, 411.0][459.0, 411.0, 549.0, 501.0][Combi déjà faite[2.5651453824448254[121.71865828212646
[549.0, 501.0, 639.0, 591.0][369.0, 501.0, 459.0, 591.0][459.0, 411.0, 549.0, 501.0][279.0, 591.0, 369.0, 681.0][Combi déjà faite[2.5651453824448254[124.28380366457128
[549.0, 501.0, 639.0, 591.0][639.0, 591.0, 729.0, 681.0][819.0, 591.0, 909.0, 681.0][999.0, 591.0, 1089.0, 681.0][Combi déjà faite[2.5651453824448254[126.8489490470161
[729.0, 321.0, 819.0, 411.0][639.0, 231.0, 729.0, 321.0][549.0, 321.0, 639.0, 411.0][459.0, 411.0, 549.0, 501.0][Combi déjà faite[2.5651453824448254[129.41409442946093
[549.0, 501.0, 639.0, 591.0][639.0, 591.0, 729.0, 681.0][369.0, 501.0, 459.0, 591.0][279.0, 591.0, 369.0, 681.0][Combi déjà faite[2.5651453824448254[131.97923981190576
[819.0, 591.0, 909.0, 681.0][999.0, 591.0, 1089.0, 681.0][639.0, 591.0, 729.0, 681.0][549.0, 501.0, 639.0, 591.0][Combi déjà faite[2.5651453824448254[134.54438519435058
[729.0, 321.0, 819.0, 411.0][639.0, 231.0, 729.0, 321.0][549.0, 321.0, 639.0, 411.0][459.0, 411.0, 549.0, 501.0][Combi déjà faite[2.5651453824448254[137.1095305767954
[459.0, 411.0, 549.0, 501.0][549.0, 321.0, 639.0, 411.0][639.0, 231.0, 729.0, 321.0][729.0, 321.0, 819.0, 411.0][Combi déjà faite[2.5651453824448254[139.67467595924023

30 sec
[639.0, 231.0, 729.0, 321.0][729.0, 321.0, 819.0, 411.0][999.0, 591.0, 1089.0, 681.0][819.0, 591.0, 909.0, 681.0][Combi déjà faite[2.5651453824448254[142.23982134168506
[549.0, 321.0, 639.0, 411.0][459.0, 411.0, 549.0, 501.0][369.0, 501.0, 459.0, 591.0][279.0, 591.0, 369.0, 681.0][Combi déjà faite[2.5651453824448254[144.80496672412988
[639.0, 231.0, 729.0, 321.0][729.0, 321.0, 819.0, 411.0][549.0, 321.0, 639.0, 411.0][549.0, 501.0, 639.0, 591.0][Combi déjà faite[2.5651453824448254[147.3701121065747
[549.0, 501.0, 639.0, 591.0][639.0, 591.0, 729.0, 681.0][819.0, 591.0, 909.0, 681.0][459.0, 411.0, 549.0, 501.0][Nouvelle combi[3.3114454880447397[150.68155759461945
[279.0, 591.0, 369.0, 681.0][369.0, 501.0, 459.0, 591.0][459.0, 411.0, 549.0, 501.0][549.0, 321.0, 639.0, 411.0][Combi déjà faite[3.3114454880447397[153.9930030826642
[639.0, 231.0, 729.0, 321.0][729.0, 321.0, 819.0, 411.0][819.0, 591.0, 909.0, 681.0][639.0, 591.0, 729.0, 681.0][Combi déjà faite[3.3114454880447397[157.30444857070893
[549.0, 501.0, 639.0, 591.0][549.0, 321.0, 639.0, 411.0][639.0, 231.0, 729.0, 321.0][729.0, 321.0, 819.0, 411.0][Combi déjà faite[3.3114454880447397[160.61589405875367
[639.0, 231.0, 729.0, 321.0][549.0, 321.0, 639.0, 411.0][459.0, 411.0, 549.0, 501.0][369.0, 501.0, 459.0, 591.0][Combi déjà faite[3.3114454880447397[163.9273395467984
[459.0, 411.0, 549.0, 501.0][549.0, 501.0, 639.0, 591.0][639.0, 591.0, 729.0, 681.0][819.0, 591.0, 909.0, 681.0][Combi déjà faite[3.3114454880447397[167.23878503484315
[279.0, 591.0, 369.0, 681.0]

Bonnes réponses=[ 18.00
Erreurs couleur:[ 1.00
Erreurs répétition:[ 37.00
Erreurs même cercle:[ 0.00
Erreurs à côté:[ 0.00
Erreurs totales:[38
Nombre de réponses:[56
Taux de réussite=[ 32.14
RTmoy reussi sec=[ 9.291
RTmoy deja fait sec=[ 2.942
RTmoy tot sec=[ 5.020
RTmax sec=[ 8.750
RTmin sec=[ 2.381

