
TACHE SPATIALE DIFFICILE FORT GAIN

Coord distracteur bleu 1 [819.0, 411.0, 909.0, 501.0]
Coord distracteur bleu 2 [549.0, 501.0, 639.0, 591.0]
Coord distracteur bleu 3 [729.0, 321.0, 819.0, 411.0]
Coord distracteur rouge 1 [729.0, 501.0, 819.0, 591.0]
Coord distracteur rouge 2 [999.0, 591.0, 1089.0, 681.0]

[Coord Cercle 1[Coord Cercle 2[Coord Cercle 3[Coord Cercle 4[Combi[RT
[0, 743[[[[A cote
[0, 743[[[[A cote
[639.0, 231.0, 729.0, 321.0][0, 743[[[A cote
[459.0, 411.0, 549.0, 501.0][0, 743[[[A cote
[369.0, 501.0, 459.0, 591.0][279.0, 591.0, 369.0, 681.0][459.0, 591.0, 549.0, 681.0][639.0, 411.0, 729.0, 501.0][Nouvelle combi[2.660939487179462
[549.0, 321.0, 639.0, 411.0][639.0, 411.0, 729.0, 501.0][459.0, 411.0, 549.0, 501.0][459.0, 591.0, 549.0, 681.0][Nouvelle combi[9.675440410256442
[639.0, 591.0, 729.0, 681.0][0, 732[[[A cote
[639.0, 411.0, 729.0, 501.0][0, 743[[[A cote
[639.0, 591.0, 729.0, 681.0][819.0, 591.0, 909.0, 681.0][639.0, 411.0, 729.0, 501.0][549.0, 321.0, 639.0, 411.0][Nouvelle combi[6.892819282051391
[639.0, 591.0, 729.0, 681.0][459.0, 591.0, 549.0, 681.0][279.0, 591.0, 369.0, 681.0][369.0, 501.0, 459.0, 591.0][Nouvelle combi[11.768042256410354
[909.0, 501.0, 999.0, 591.0][639.0, 231.0, 729.0, 321.0][549.0, 321.0, 639.0, 411.0][639.0, 411.0, 729.0, 501.0][Nouvelle combi[4.149112615384638
[909.0, 501.0, 999.0, 591.0][819.0, 591.0, 909.0, 681.0][639.0, 591.0, 729.0, 681.0][639.0, 411.0, 729.0, 501.0][Nouvelle combi[4.3527852307692
[459.0, 591.0, 549.0, 681.0][279.0, 591.0, 369.0, 681.0][369.0, 501.0, 459.0, 591.0][459.0, 411.0, 549.0, 501.0][Nouvelle combi[4.453608205128148
[459.0, 591.0, 549.0, 681.0][279.0, 591.0, 369.0, 681.0][369.0, 501.0, 459.0, 591.0][639.0, 591.0, 729.0, 681.0][Combi déjà faite[7.996973948717937
[819.0, 591.0, 909.0, 681.0][909.0, 501.0, 999.0, 591.0][639.0, 591.0, 729.0, 681.0][639.0, 411.0, 729.0, 501.0][Combi déjà faite[4.0858354871795655
[459.0, 591.0, 549.0, 681.0][639.0, 591.0, 729.0, 681.0][639.0, 411.0, 729.0, 501.0][639.0, 231.0, 729.0, 321.0][Nouvelle combi[3.5427220512819986
[819.0, 591.0, 909.0, 681.0][639.0, 591.0, 729.0, 681.0][639.0, 411.0, 729.0, 501.0][639.0, 231.0, 729.0, 321.0][Nouvelle combi[3.462665846153868
[459.0, 411.0, 549.0, 501.0][459.0, 591.0, 549.0, 681.0][369.0, 501.0, 459.0, 591.0][279.0, 591.0, 369.0, 681.0][Combi déjà faite[4.771536000000083
[639.0, 231.0, 729.0, 321.0][549.0, 321.0, 639.0, 411.0][459.0, 411.0, 549.0, 501.0][369.0, 501.0, 459.0, 591.0][Nouvelle combi[3.77014769230766
[639.0, 231.0, 729.0, 321.0][549.0, 321.0, 639.0, 411.0][639.0, 411.0, 729.0, 501.0][639.0, 591.0, 729.0, 681.0][Nouvelle combi[4.2196648205128895
[909.0, 501.0, 999.0, 591.0][819.0, 591.0, 909.0, 681.0][639.0, 591.0, 729.0, 681.0][639.0, 411.0, 729.0, 501.0][Combi déjà faite[3.882016820512831
[459.0, 591.0, 549.0, 681.0][369.0, 501.0, 459.0, 591.0][279.0, 591.0, 369.0, 681.0][459.0, 411.0, 549.0, 501.0][Combi déjà faite[3.661027692307698
[639.0, 231.0, 729.0, 321.0][549.0, 321.0, 639.0, 411.0][459.0, 411.0, 549.0, 501.0][369.0, 501.0, 459.0, 591.0][Combi déjà faite[4.297062564102589
[369.0, 501.0, 459.0, 591.0][459.0, 411.0, 549.0, 501.0][549.0, 321.0, 639.0, 411.0][639.0, 411.0, 729.0, 501.0][Nouvelle combi[3.816794666666624
[909.0, 501.0, 999.0, 591.0][639.0, 231.0, 729.0, 321.0][549.0, 321.0, 639.0, 411.0][459.0, 411.0, 549.0, 501.0][Nouvelle combi[3.2475023589744296
[639.0, 411.0, 729.0, 501.0][639.0, 591.0, 729.0, 681.0][819.0, 591.0, 909.0, 681.0][909.0, 501.0, 999.0, 591.0][Combi déjà faite[3.6399540512819613
[459.0, 591.0, 549.0, 681.0][369.0, 501.0, 459.0, 591.0][279.0, 591.0, 369.0, 681.0][639.0, 231.0, 729.0, 321.0][Nouvelle combi[3.4719380512819953
[549.0, 321.0, 639.0, 411.0][459.0, 411.0, 549.0, 501.0][369.0, 501.0, 459.0, 591.0][279.0, 591.0, 369.0, 681.0][Nouvelle combi[3.03062153846156
[459.0, 591.0, 549.0, 681.0][639.0, 591.0, 729.0, 681.0][819.0, 591.0, 909.0, 681.0][909.0, 501.0, 999.0, 591.0][Nouvelle combi[3.1824668717948725
[639.0, 411.0, 729.0, 501.0][549.0, 321.0, 639.0, 411.0][639.0, 231.0, 729.0, 321.0][459.0, 411.0, 549.0, 501.0][Nouvelle combi[3.60699446153842
[909.0, 501.0, 999.0, 591.0][819.0, 591.0, 909.0, 681.0][639.0, 591.0, 729.0, 681.0][639.0, 411.0, 729.0, 501.0][Combi déjà faite[3.1957735384615944
[639.0, 231.0, 729.0, 321.0][639.0, 411.0, 729.0, 501.0][639.0, 591.0, 729.0, 681.0][459.0, 591.0, 549.0, 681.0][Combi déjà faite[2.953416205128292
[639.0, 231.0, 729.0, 321.0][549.0, 321.0, 639.0, 411.0][639.0, 411.0, 729.0, 501.0][459.0, 411.0, 549.0, 501.0]
30 sec
[Combi déjà faite[2.7160578461538307
[639.0, 231.0, 729.0, 321.0][549.0, 321.0, 639.0, 411.0][639.0, 411.0, 729.0, 501.0][819.0, 591.0, 909.0, 681.0][Nouvelle combi[2.8480434871795524
[639.0, 231.0, 729.0, 321.0][549.0, 321.0, 639.0, 411.0][639.0, 411.0, 729.0, 501.0][909.0, 501.0, 999.0, 591.0][Combi déjà faite[2.6925382564102165
[819.0, 591.0, 909.0, 681.0][639.0, 591.0, 729.0, 681.0][459.0, 591.0, 549.0, 681.0][279.0, 591.0, 369.0, 681.0][Nouvelle combi[3.34476512820504
[369.0, 501.0, 459.0, 591.0][459.0, 411.0, 549.0, 501.0][639.0, 411.0, 729.0, 501.0][639.0, 591.0, 729.0, 681.0][Nouvelle combi[2.645201641025551
[459.0, 591.0, 549.0, 681.0][639.0, 591.0, 729.0, 681.0][369.0, 501.0, 459.0, 591.0][279.0, 591.0, 369.0, 681.0][Combi déjà faite[2.72389743589747
[819.0, 591.0, 909.0, 681.0][909.0, 501.0, 999.0, 591.0][639.0, 591.0, 729.0, 681.0][639.0, 411.0, 729.0, 501.0][Combi déjà faite[2.7263064615384565
[639.0, 231.0, 729.0, 321.0][549.0, 321.0, 639.0, 411.0][459.0, 411.0, 549.0, 501.0][369.0, 501.0, 459.0, 591.0][Combi déjà faite[2.3029431794872153
[279.0, 591.0, 369.0, 681.0][459.0, 591.0, 549.0, 681.0][639.0, 591.0, 729.0, 681.0][819.0, 591.0, 909.0, 681.0][Combi déjà faite[2.671126153846103
[909.0, 501.0, 999.0, 591.0][819.0, 591.0, 909.0, 681.0][639.0, 591.0, 729.0, 681.0][639.0, 411.0, 729.0, 501.0][Combi déjà faite[2.4397595897435167
[639.0, 231.0, 729.0, 321.0][549.0, 321.0, 639.0, 411.0][459.0, 411.0, 549.0, 501.0][369.0, 501.0, 459.0, 591.0][Combi déjà faite[2.293178256410215
[459.0, 591.0, 549.0, 681.0][639.0, 411.0, 729.0, 501.0]

Bonnes réponses=[ 20.00
Erreurs couleur:[ 0.00
Erreurs répétition:[ 17.00
Erreurs même cercle:[ 0.00
Erreurs à côté:[ 6.00
Erreurs totales:[23
Nombre de réponses:[43
Taux de réussite=[ 46.51
RTmoy reussi sec=[ 4.407
RTmoy deja fait sec=[ 3.473
RTmoy tot sec=[ 3.978
RTmax sec=[ 11.768
RTmin sec=[ 2.645

