
TACHE SPATIALE DIFFICILE FORT GAIN

Coord distracteur bleu 1 [505.0, 405.0, 595.0, 495.0]
Coord distracteur bleu 2 [415.0, 315.0, 505.0, 405.0]
Coord distracteur bleu 3 [595.0, 495.0, 685.0, 585.0]
Coord distracteur rouge 1 [685.0, 405.0, 775.0, 495.0]
Coord distracteur rouge 2 [865.0, 405.0, 955.0, 495.0]

[Coord Cercle 1[Coord Cercle 2[Coord Cercle 3[Coord Cercle 4[Combi[RT
[595.0, 315.0, 685.0, 405.0][505.0, 225.0, 595.0, 315.0][595.0, 135.0, 685.0, 225.0][685.0, 225.0, 775.0, 315.0][Nouvelle combi[2.0625920513575693
[685.0, 225.0, 775.0, 315.0][775.0, 315.0, 865.0, 405.0][595.0, 315.0, 685.0, 405.0][505.0, 225.0, 595.0, 315.0][Nouvelle combi[1.3618337327866357
[595.0, 135.0, 685.0, 225.0][325.0, 405.0, 415.0, 495.0][415.0, 495.0, 505.0, 585.0][595.0, 315.0, 685.0, 405.0][Nouvelle combi[1.5694515441653039
[235.0, 495.0, 325.0, 585.0][325.0, 405.0, 415.0, 495.0][505.0, 225.0, 595.0, 315.0][595.0, 135.0, 685.0, 225.0][Nouvelle combi[1.5067790824855365
[685.0, 225.0, 775.0, 315.0][595.0, 315.0, 685.0, 405.0][775.0, 495.0, 865.0, 585.0][775.0, 315.0, 865.0, 405.0][Nouvelle combi[1.432180867430361
[775.0, 315.0, 865.0, 405.0][595.0, 315.0, 685.0, 405.0][505.0, 225.0, 595.0, 315.0][595.0, 135.0, 685.0, 225.0][Nouvelle combi[1.3750542564548596
[325.0, 405.0, 415.0, 495.0][415.0, 495.0, 505.0, 585.0][505.0, 225.0, 595.0, 315.0][595.0, 135.0, 685.0, 225.0][Nouvelle combi[1.3810764152422053
[685.0, 225.0, 775.0, 315.0][595.0, 315.0, 685.0, 405.0][505.0, 225.0, 595.0, 315.0][595.0, 135.0, 685.0, 225.0][Combi déjà faite
[775.0, 315.0, 865.0, 405.0][685.0, 225.0, 775.0, 315.0][595.0, 315.0, 685.0, 405.0][505.0, 225.0, 595.0, 315.0][Combi déjà faite
[595.0, 135.0, 685.0, 225.0][505.0, 225.0, 595.0, 315.0][325.0, 405.0, 415.0, 495.0][235.0, 495.0, 325.0, 585.0][Combi déjà faite
[415.0, 495.0, 505.0, 585.0][325.0, 405.0, 415.0, 495.0][595.0, 315.0, 685.0, 405.0][505.0, 225.0, 595.0, 315.0][Nouvelle combi[1.340106125215243
[595.0, 135.0, 685.0, 225.0][685.0, 225.0, 775.0, 315.0][595.0, 315.0, 685.0, 405.0][505.0, 225.0, 595.0, 315.0][Combi déjà faite
[685.0, 225.0, 775.0, 315.0][775.0, 315.0, 865.0, 405.0][775.0, 495.0, 865.0, 585.0][955.0, 495.0, 1045.0, 585.0][Nouvelle combi[1.2286808030200973
[955.0, 495.0, 1045.0, 585.0][775.0, 495.0, 865.0, 585.0][595.0, 315.0, 685.0, 405.0][505.0, 225.0, 595.0, 315.0][Nouvelle combi[1.3806600046441417
[595.0, 135.0, 685.0, 225.0][685.0, 225.0, 775.0, 315.0][505.0, 225.0, 595.0, 315.0][595.0, 315.0, 685.0, 405.0][Combi déjà faite
[595.0, 135.0, 685.0, 225.0][505.0, 225.0, 595.0, 315.0][325.0, 405.0, 415.0, 495.0][415.0, 495.0, 505.0, 585.0][Combi déjà faite
[235.0, 495.0, 325.0, 585.0][415.0, 495.0, 505.0, 585.0][325.0, 405.0, 415.0, 495.0][775.0, 495.0, 865.0, 585.0][Nouvelle combi[1.3708076888678988
[955.0, 495.0, 1045.0, 585.0][775.0, 315.0, 865.0, 405.0][685.0, 225.0, 775.0, 315.0][595.0, 135.0, 685.0, 225.0][Nouvelle combi[1.4429644660219765
[505.0, 225.0, 595.0, 315.0][595.0, 315.0, 685.0, 405.0][685.0, 225.0, 775.0, 315.0][595.0, 135.0, 685.0, 225.0][Combi déjà faite
[775.0, 315.0, 865.0, 405.0][685.0, 225.0, 775.0, 315.0][595.0, 135.0, 685.0, 225.0][505.0, 225.0, 595.0, 315.0][Nouvelle combi[1.1808920458599914
[595.0, 315.0, 685.0, 405.0][595.0, 135.0, 685.0, 225.0][685.0, 225.0, 775.0, 315.0][775.0, 315.0, 865.0, 405.0][Nouvelle combi[1.2566369285227665
[685.0, 225.0, 775.0, 315.0][775.0, 315.0, 865.0, 405.0][775.0, 495.0, 865.0, 585.0][955.0, 495.0, 1045.0, 585.0][Combi déjà faite
[955.0, 495.0, 1045.0, 585.0][775.0, 495.0, 865.0, 585.0][775.0, 315.0, 865.0, 405.0][595.0, 315.0, 685.0, 405.0][Nouvelle combi[1.330051552862642
[505.0, 225.0, 595.0, 315.0][595.0, 135.0, 685.0, 225.0][685.0, 225.0, 775.0, 315.0][595.0, 315.0, 685.0, 405.0][Combi déjà faite
[595.0, 135.0, 685.0, 225.0][595.0, 315.0, 685.0, 405.0][505.0, 225.0, 595.0, 315.0][325.0, 405.0, 415.0, 495.0][Nouvelle combi[1.2870402355201804
[235.0, 495.0, 325.0, 585.0][415.0, 495.0, 505.0, 585.0][325.0, 405.0, 415.0, 495.0][595.0, 315.0, 685.0, 405.0][Nouvelle combi[1.4717398742479872
[505.0, 225.0, 595.0, 315.0][595.0, 135.0, 685.0, 225.0][685.0, 225.0, 775.0, 315.0][775.0, 315.0, 865.0, 405.0][Combi déjà faite
[775.0, 495.0, 865.0, 585.0][775.0, 315.0, 865.0, 405.0][955.0, 495.0, 1045.0, 585.0][595.0, 315.0, 685.0, 405.0][Combi déjà faite
[685.0, 225.0, 775.0, 315.0][595.0, 135.0, 685.0, 225.0][505.0, 225.0, 595.0, 315.0][595.0, 315.0, 685.0, 405.0][Combi déjà faite
[595.0, 135.0, 685.0, 225.0][505.0, 225.0, 595.0, 315.0][415.0, 495.0, 505.0, 585.0][325.0, 405.0, 415.0, 495.0][Combi déjà faite
[235.0, 495.0, 325.0, 585.0][415.0, 495.0, 505.0, 585.0][775.0, 495.0, 865.0, 585.0][955.0, 495.0, 1045.0, 585.0][Nouvelle combi[1.3212806738713425
[775.0, 315.0, 865.0, 405.0][595.0, 315.0, 685.0, 405.0][505.0, 225.0, 595.0, 315.0][595.0, 135.0, 685.0, 225.0][Combi déjà faite
[685.0, 225.0, 775.0, 315.0][595.0, 135.0, 685.0, 225.0][775.0, 315.0, 865.0, 405.0][595.0, 315.0, 685.0, 405.0][Combi déjà faite
[505.0, 225.0, 595.0, 315.0][595.0, 135.0, 685.0, 225.0][325.0, 405.0, 415.0, 495.0][235.0, 495.0, 325.0, 585.0][Combi déjà faite
[415.0, 495.0, 505.0, 585.0][325.0, 405.0, 415.0, 495.0][595.0, 315.0, 685.0, 405.0][685.0, 225.0, 775.0, 315.0][Nouvelle combi[1.2012038573980135
[595.0, 135.0, 685.0, 225.0][505.0, 225.0, 595.0, 315.0][595.0, 315.0, 685.0, 405.0][685.0, 225.0, 775.0, 315.0][Combi déjà faite
[685.0, 225.0, 775.0, 315.0][775.0, 315.0, 865.0, 405.0][775.0, 495.0, 865.0, 585.0][955.0, 495.0, 1045.0, 585.0][Combi déjà faite
[955.0, 495.0, 1045.0, 585.0][775.0, 495.0, 865.0, 585.0][415.0, 495.0, 505.0, 585.0][235.0, 495.0, 325.0, 585.0][Combi déjà faite
[415.0, 495.0, 505.0, 585.0][595.0, 315.0, 685.0, 405.0][685.0, 225.0, 775.0, 315.0][595.0, 135.0, 685.0, 225.0][Nouvelle combi[1.3031350179569472
[505.0, 225.0, 595.0, 315.0][595.0, 135.0, 685.0, 225.0][685.0, 225.0, 775.0, 315.0][775.0, 315.0, 865.0, 405.0][Combi déjà faite
[775.0, 495.0, 865.0, 585.0][955.0, 495.0, 1045.0, 585.0][775.0, 315.0, 865.0, 405.0][685.0, 225.0, 775.0, 315.0][Combi déjà faite
[595.0, 315.0, 685.0, 405.0][595.0, 135.0, 685.0, 225.0][505.0, 225.0, 595.0, 315.0][685.0, 225.0, 775.0, 315.0][Combi déjà faite
[775.0, 315.0, 865.0, 405.0][685.0, 225.0, 775.0, 315.0][595.0, 315.0, 685.0, 405.0][415.0, 495.0, 505.0, 585.0][Nouvelle combi[1.3218620076816023
[235.0, 495.0, 325.0, 585.0][325.0, 405.0, 415.0, 495.0][415.0, 495.0, 505.0, 585.0][505.0, 225.0, 595.0, 315.0][Nouvelle combi[1.2246647997249056
[595.0, 135.0, 685.0, 225.0][685.0, 225.0, 775.0, 315.0][775.0, 315.0, 865.0, 405.0][955.0, 495.0, 1045.0, 585.0][Combi déjà faite
[775.0, 495.0, 865.0, 585.0][775.0, 315.0, 865.0, 405.0][685.0, 225.0, 775.0, 315.0][595.0, 315.0, 685.0, 405.0][Combi déjà faite
[235.0, 495.0, 325.0, 585.0][415.0, 495.0, 505.0, 585.0][775.0, 495.0, 865.0, 585.0][955.0, 495.0, 1045.0, 585.0][Combi déjà faite
[775.0, 315.0, 865.0, 405.0][595.0, 315.0, 685.0, 405.0][505.0, 225.0, 595.0, 315.0][595.0, 135.0, 685.0, 225.0][Combi déjà faite
[325.0, 405.0, 415.0, 495.0][595.0, 315.0, 685.0, 405.0][685.0, 225.0, 775.0, 315.0][595.0, 135.0, 685.0, 225.0][Nouvelle combi[1.4316984054960358
[505.0, 225.0, 595.0, 315.0][595.0, 135.0, 685.0, 225.0][325.0, 405.0, 415.0, 495.0][235.0, 495.0, 325.0, 585.0][Combi déjà faite
[415.0, 495.0, 505.0, 585.0][775.0, 495.0, 865.0, 585.0][955.0, 495.0, 1045.0, 585.0][775.0, 315.0, 865.0, 405.0][Nouvelle combi[1.3311510409444054
[775.0, 315.0, 865.0, 405.0][595.0, 315.0, 685.0, 405.0][685.0, 225.0, 775.0, 315.0][595.0, 135.0, 685.0, 225.0][Combi déjà faite
[595.0, 135.0, 685.0, 225.0][505.0, 225.0, 595.0, 315.0][325.0, 405.0, 415.0, 495.0][235.0, 495.0, 325.0, 585.0][Combi déjà faite
[235.0, 495.0, 325.0, 585.0][415.0, 495.0, 505.0, 585.0][775.0, 495.0, 865.0, 585.0][955.0, 495.0, 1045.0, 585.0][Combi déjà faite
[775.0, 315.0, 865.0, 405.0][595.0, 315.0, 685.0, 405.0][505.0, 225.0, 595.0, 315.0][595.0, 135.0, 685.0, 225.0][Combi déjà faite
[685.0, 225.0, 775.0, 315.0][595.0, 315.0, 685.0, 405.0][775.0, 495.0, 865.0, 585.0][955.0, 495.0, 1045.0, 585.0][Nouvelle combi[1.3211760584008516
[775.0, 315.0, 865.0, 405.0][775.0, 495.0, 865.0, 585.0][415.0, 495.0, 505.0, 585.0][235.0, 495.0, 325.0, 585.0][Nouvelle combi[1.3987810451535552
[325.0, 405.0, 415.0, 495.0][505.0, 225.0, 595.0, 315.0][595.0, 315.0, 685.0, 405.0][685.0, 225.0, 775.0, 315.0][Nouvelle combi[1.291501367385763
[595.0, 135.0, 685.0, 225.0][685.0, 225.0, 775.0, 315.0][775.0, 315.0, 865.0, 405.0][775.0, 495.0, 865.0, 585.0][Nouvelle combi[1.3176437478102798
[955.0, 495.0, 1045.0, 585.0][595.0, 315.0, 685.0, 405.0][685.0, 225.0, 775.0, 315.0][595.0, 135.0, 685.0, 225.0][Nouvelle combi[1.3690247130459738
[505.0, 225.0, 595.0, 315.0][595.0, 135.0, 685.0, 225.0][685.0, 225.0, 775.0, 315.0][595.0, 315.0, 685.0, 405.0][Combi déjà faite
[775.0, 315.0, 865.0, 405.0][685.0, 225.0, 775.0, 315.0][595.0, 315.0, 685.0, 405.0][775.0, 495.0, 865.0, 585.0][Combi déjà faite
[955.0, 495.0, 1045.0, 585.0][775.0, 495.0, 865.0, 585.0][415.0, 495.0, 505.0, 585.0][235.0, 495.0, 325.0, 585.0][Combi déjà faite
[235.0, 495.0, 325.0, 585.0][325.0, 405.0, 415.0, 495.0][595.0, 315.0, 685.0, 405.0][775.0, 315.0, 865.0, 405.0][Nouvelle combi[1.2572802111017154
[685.0, 225.0, 775.0, 315.0][595.0, 135.0, 685.0, 225.0][505.0, 225.0, 595.0, 315.0][595.0, 315.0, 685.0, 405.0][Combi déjà faite
[775.0, 315.0, 865.0, 405.0][595.0, 315.0, 685.0, 405.0][415.0, 495.0, 505.0, 585.0][325.0, 405.0, 415.0, 495.0][Nouvelle combi[1.3216708280376679
[235.0, 495.0, 325.0, 585.0][415.0, 495.0, 505.0, 585.0][775.0, 495.0, 865.0, 585.0][955.0, 495.0, 1045.0, 585.0][Combi déjà faite
[775.0, 315.0, 865.0, 405.0][595.0, 315.0, 685.0, 405.0][685.0, 225.0, 775.0, 315.0][595.0, 135.0, 685.0, 225.0][Combi déjà faite
[595.0, 135.0, 685.0, 225.0][505.0, 225.0, 595.0, 315.0][325.0, 405.0, 415.0, 495.0][235.0, 495.0, 325.0, 585.0][Combi déjà faite
[415.0, 495.0, 505.0, 585.0][775.0, 495.0, 865.0, 585.0][955.0, 495.0, 1045.0, 585.0][775.0, 315.0, 865.0, 405.0][Combi déjà faite
[595.0, 315.0, 685.0, 405.0][685.0, 225.0, 775.0, 315.0][595.0, 135.0, 685.0, 225.0][505.0, 225.0, 595.0, 315.0][Combi déjà faite
[685.0, 225.0, 775.0, 315.0][595.0, 135.0, 685.0, 225.0][505.0, 225.0, 595.0, 315.0][325.0, 405.0, 415.0, 495.0][Nouvelle combi[1.4377673335525287
[415.0, 495.0, 505.0, 585.0][235.0, 495.0, 325.0, 585.0][325.0, 405.0, 415.0, 495.0][505.0, 225.0, 595.0, 315.0][Combi déjà faite
[595.0, 135.0, 685.0, 225.0][595.0, 315.0, 685.0, 405.0][775.0, 315.0, 865.0, 405.0][685.0, 225.0, 775.0, 315.0][Combi déjà faite
[955.0, 495.0, 1045.0, 585.0][775.0, 495.0, 865.0, 585.0][415.0, 495.0, 505.0, 585.0][235.0, 495.0, 325.0, 585.0][Combi déjà faite
[415.0, 495.0, 505.0, 585.0][595.0, 315.0, 685.0, 405.0][685.0, 225.0, 775.0, 315.0][595.0, 135.0, 685.0, 225.0][Combi déjà faite
[505.0, 225.0, 595.0, 315.0][595.0, 315.0, 685.0, 405.0][775.0, 315.0, 865.0, 405.0][775.0, 495.0, 865.0, 585.0][Nouvelle combi[1.2578668782496152
[955.0, 495.0, 1045.0, 585.0][775.0, 495.0, 865.0, 585.0][415.0, 495.0, 505.0, 585.0][235.0, 495.0, 325.0, 585.0][Combi déjà faite
[325.0, 405.0, 415.0, 495.0][415.0, 495.0, 505.0, 585.0][595.0, 315.0, 685.0, 405.0][505.0, 225.0, 595.0, 315.0][Combi déjà faite
[595.0, 135.0, 685.0, 225.0][505.0, 225.0, 595.0, 315.0][595.0, 315.0, 685.0, 405.0][685.0, 225.0, 775.0, 315.0][Combi déjà faite
[775.0, 315.0, 865.0, 405.0][685.0, 225.0, 775.0, 315.0][595.0, 135.0, 685.0, 225.0][505.0, 225.0, 595.0, 315.0][Combi déjà faite
[685.0, 225.0, 775.0, 315.0][595.0, 315.0, 685.0, 405.0][415.0, 495.0, 505.0, 585.0][235.0, 495.0, 325.0, 585.0][Nouvelle combi[1.1851640493653122
[325.0, 405.0, 415.0, 495.0][415.0, 495.0, 505.0, 585.0][595.0, 315.0, 685.0, 405.0][505.0, 225.0, 595.0, 315.0][Combi déjà faite
[595.0, 135.0, 685.0, 225.0][685.0, 225.0, 775.0, 315.0][775.0, 315.0, 865.0, 405.0][955.0, 495.0, 1045.0, 585.0][Combi déjà faite
[775.0, 495.0, 865.0, 585.0][595.0, 315.0, 685.0, 405.0][505.0, 225.0, 595.0, 315.0][595.0, 135.0, 685.0, 225.0][Nouvelle combi[1.2578923141679752
[685.0, 225.0, 775.0, 315.0][595.0, 315.0, 685.0, 405.0][505.0, 225.0, 595.0, 315.0][325.0, 405.0, 415.0, 495.0][Combi déjà faite
[235.0, 495.0, 325.0, 585.0][415.0, 495.0, 505.0, 585.0][595.0, 315.0, 685.0, 405.0][685.0, 225.0, 775.0, 315.0][Combi déjà faite
[595.0, 135.0, 685.0, 225.0][505.0, 225.0, 595.0, 315.0][595.0, 315.0, 685.0, 405.0][685.0, 225.0, 775.0, 315.0][Combi déjà faite
[775.0, 315.0, 865.0, 405.0][685.0, 225.0, 775.0, 315.0][595.0, 315.0, 685.0, 405.0][505.0, 225.0, 595.0, 315.0][Combi déjà faite
[595.0, 135.0, 685.0, 225.0][685.0, 225.0, 775.0, 315.0][775.0, 315.0, 865.0, 405.0][775.0, 495.0, 865.0, 585.0][Combi déjà faite
[955.0, 495.0, 1045.0, 585.0][775.0, 495.0, 865.0, 585.0][415.0, 495.0, 505.0, 585.0][235.0, 495.0, 325.0, 585.0][Combi déjà faite
[235.0, 495.0, 325.0, 585.0][325.0, 405.0, 415.0, 495.0][595.0, 315.0, 685.0, 405.0][685.0, 225.0, 775.0, 315.0][Nouvelle combi[1.2453167141059112
[595.0, 135.0, 685.0, 225.0][505.0, 225.0, 595.0, 315.0][595.0, 315.0, 685.0, 405.0][685.0, 225.0, 775.0, 315.0][Combi déjà faite
[775.0, 315.0, 865.0, 405.0][685.0, 225.0, 775.0, 315.0][595.0, 135.0, 685.0, 225.0][505.0, 225.0, 595.0, 315.0][Combi déjà faite
[595.0, 135.0, 685.0, 225.0][595.0, 315.0, 685.0, 405.0][415.0, 495.0, 505.0, 585.0][235.0, 495.0, 325.0, 585.0][Nouvelle combi[1.1538261774983312
[325.0, 405.0, 415.0, 495.0][415.0, 495.0, 505.0, 585.0][775.0, 495.0, 865.0, 585.0][955.0, 495.0, 1045.0, 585.0][Nouvelle combi[1.138162985159397
[775.0, 315.0, 865.0, 405.0][595.0, 315.0, 685.0, 405.0][685.0, 225.0, 775.0, 315.0][595.0, 135.0, 685.0, 225.0][Combi déjà faite
[955.0, 495.0, 1045.0, 585.0][775.0, 495.0, 865.0, 585.0][415.0, 495.0, 505.0, 585.0][235.0, 495.0, 325.0, 585.0][Combi déjà faite
[235.0, 495.0, 325.0, 585.0][325.0, 405.0, 415.0, 495.0][595.0, 315.0, 685.0, 405.0][685.0, 225.0, 775.0, 315.0][Combi déjà faite
[595.0, 135.0, 685.0, 225.0][505.0, 225.0, 595.0, 315.0][595.0, 315.0, 685.0, 405.0][775.0, 315.0, 865.0, 405.0][Combi déjà faite
[775.0, 315.0, 865.0, 405.0][685.0, 225.0, 775.0, 315.0][595.0, 135.0, 685.0, 225.0][505.0, 225.0, 595.0, 315.0][Combi déjà faite
[685.0, 225.0, 775.0, 315.0][595.0, 315.0, 685.0, 405.0][415.0, 495.0, 505.0, 585.0][235.0, 495.0, 325.0, 585.0][Combi déjà faite
[325.0, 405.0, 415.0, 495.0][415.0, 495.0, 505.0, 585.0][595.0, 315.0, 685.0, 405.0][685.0, 225.0, 775.0, 315.0][Combi déjà faite
[595.0, 135.0, 685.0, 225.0][505.0, 225.0, 595.0, 315.0][685.0, 225.0, 775.0, 315.0][775.0, 315.0, 865.0, 405.0][Combi déjà faite
[775.0, 495.0, 865.0, 585.0][775.0, 315.0, 865.0, 405.0][595.0, 315.0, 685.0, 405.0][685.0, 225.0, 775.0, 315.0][Combi déjà faite
[595.0, 135.0, 685.0, 225.0][505.0, 225.0, 595.0, 315.0][325.0, 405.0, 415.0, 495.0][235.0, 495.0, 325.0, 585.0][Combi déjà faite
[235.0, 495.0, 325.0, 585.0][415.0, 495.0, 505.0, 585.0][775.0, 495.0, 865.0, 585.0][955.0, 495.0, 1045.0, 585.0][Combi déjà faite

30 sec
[955.0, 495.0, 1045.0, 585.0][775.0, 315.0, 865.0, 405.0][685.0, 225.0, 775.0, 315.0][595.0, 135.0, 685.0, 225.0][Combi déjà faite
[595.0, 135.0, 685.0, 225.0][587, 343[[[A cote
[685.0, 225.0, 775.0, 315.0][775.0, 315.0, 865.0, 405.0][775.0, 315.0, 865.0, 405.0][[Meme cercle
[775.0, 495.0, 865.0, 585.0][955.0, 495.0, 1045.0, 585.0][775.0, 315.0, 865.0, 405.0][685.0, 225.0, 775.0, 315.0][Combi déjà faite
[595.0, 135.0, 685.0, 225.0][505.0, 225.0, 595.0, 315.0][595.0, 315.0, 685.0, 405.0][685.0, 225.0, 775.0, 315.0][Combi déjà faite
[775.0, 315.0, 865.0, 405.0][775.0, 495.0, 865.0, 585.0][415.0, 495.0, 505.0, 585.0][235.0, 495.0, 325.0, 585.0][Combi déjà faite
[325.0, 405.0, 415.0, 495.0][415.0, 495.0, 505.0, 585.0][595.0, 315.0, 685.0, 405.0][685.0, 225.0, 775.0, 315.0][Combi déjà faite
[595.0, 135.0, 685.0, 225.0][505.0, 225.0, 595.0, 315.0][685.0, 225.0, 775.0, 315.0][595.0, 135.0, 685.0, 225.0][Meme cercle
[775.0, 315.0, 865.0, 405.0][685.0, 225.0, 775.0, 315.0][505.0, 225.0, 595.0, 315.0][595.0, 315.0, 685.0, 405.0][Combi déjà faite
[595.0, 135.0, 685.0, 225.0][595.0, 315.0, 685.0, 405.0][415.0, 495.0, 505.0, 585.0][325.0, 405.0, 415.0, 495.0][Combi déjà faite
[235.0, 495.0, 325.0, 585.0][415.0, 495.0, 505.0, 585.0][775.0, 495.0, 865.0, 585.0][955.0, 495.0, 1045.0, 585.0][Combi déjà faite
[775.0, 315.0, 865.0, 405.0][685.0, 225.0, 775.0, 315.0][595.0, 135.0, 685.0, 225.0][505.0, 225.0, 595.0, 315.0][Combi déjà faite
[595.0, 315.0, 685.0, 405.0][685.0, 225.0, 775.0, 315.0][595.0, 135.0, 685.0, 225.0][505.0, 225.0, 595.0, 315.0][Combi déjà faite
[595.0, 135.0, 685.0, 225.0][505.0, 225.0, 595.0, 315.0][325.0, 405.0, 415.0, 495.0][235.0, 495.0, 325.0, 585.0][Combi déjà faite
[415.0, 495.0, 505.0, 585.0][595.0, 315.0, 685.0, 405.0][685.0, 225.0, 775.0, 315.0][775.0, 315.0, 865.0, 405.0][Combi déjà faite
[775.0, 315.0, 865.0, 405.0][685.0, 225.0, 775.0, 315.0][595.0, 315.0, 685.0, 405.0][505.0, 225.0, 595.0, 315.0][Combi déjà faite
[595.0, 135.0, 685.0, 225.0][685.0, 225.0, 775.0, 315.0][595.0, 315.0, 685.0, 405.0][505.0, 225.0, 595.0, 315.0][Combi déjà faite
[685.0, 225.0, 775.0, 315.0][775.0, 315.0, 865.0, 405.0][775.0, 495.0, 865.0, 585.0][955.0, 495.0, 1045.0, 585.0][Combi déjà faite
[955.0, 495.0, 1045.0, 585.0][775.0, 495.0, 865.0, 585.0][775.0, 315.0, 865.0, 405.0][685.0, 225.0, 775.0, 315.0][Combi déjà faite
[595.0, 135.0, 685.0, 225.0][575, 335[[[A cote
[685.0, 225.0, 775.0, 315.0][685.0, 225.0, 775.0, 315.0][[[Meme cercle
[595.0, 135.0, 685.0, 225.0][574, 350[[[A cote
[775.0, 495.0, 865.0, 585.0][775.0, 315.0, 865.0, 405.0][955.0, 495.0, 1045.0, 585.0][685.0, 225.0, 775.0, 315.0][Combi déjà faite
[685.0, 225.0, 775.0, 315.0][595.0, 315.0, 685.0, 405.0][505.0, 225.0, 595.0, 315.0][595.0, 135.0, 685.0, 225.0]

Bonnes réponses=[ 38.00
Erreurs couleur:[ 0.00
Erreurs répétition:[ 86.00
Erreurs même cercle:[ 3.00
Erreurs à côté:[ 3.00
Erreurs totales:[92
Nombre de réponses:[130
Taux de réussite=[ 29.23
RTmoy sec=[ 1.344
RTmax sec=[ 2.063
RTmin sec=[ 1.138

[Combi déjà faite
