
TACHE SPATIALE DIFFICILE FAIBLE GAIN

Coord distracteur bleu 1 [639.0, 411.0, 729.0, 501.0]
Coord distracteur bleu 2 [279.0, 591.0, 369.0, 681.0]
Coord distracteur bleu 3 [639.0, 591.0, 729.0, 681.0]
Coord distracteur rouge 1 [819.0, 591.0, 909.0, 681.0]
Coord distracteur rouge 2 [819.0, 411.0, 909.0, 501.0]

[Coord Cercle 1[Coord Cercle 2[Coord Cercle 3[Coord Cercle 4[Combi[RT
[459.0, 591.0, 549.0, 681.0][369.0, 501.0, 459.0, 591.0][459.0, 411.0, 549.0, 501.0][549.0, 501.0, 639.0, 591.0][Nouvelle combi[10.399061660768552
[459.0, 411.0, 549.0, 501.0][549.0, 321.0, 639.0, 411.0][639.0, 231.0, 729.0, 321.0][729.0, 321.0, 819.0, 411.0][Nouvelle combi[2.0204910937362683
[549.0, 321.0, 639.0, 411.0][639.0, 231.0, 729.0, 321.0][729.0, 321.0, 819.0, 411.0][729.0, 501.0, 819.0, 591.0][Nouvelle combi[2.8528195715442735
[639.0, 231.0, 729.0, 321.0][729.0, 321.0, 819.0, 411.0][909.0, 501.0, 999.0, 591.0][999.0, 591.0, 1089.0, 681.0][Nouvelle combi[2.538994083277089
[999.0, 591.0, 1089.0, 681.0][909.0, 501.0, 999.0, 591.0][729.0, 501.0, 819.0, 591.0][459.0, 591.0, 549.0, 681.0][Nouvelle combi[3.1495595073308778
[999.0, 591.0, 1089.0, 681.0][909.0, 501.0, 999.0, 591.0][729.0, 501.0, 819.0, 591.0][729.0, 321.0, 819.0, 411.0][Nouvelle combi[2.6917297983424078
[999.0, 591.0, 1089.0, 681.0][909.0, 501.0, 999.0, 591.0][729.0, 321.0, 819.0, 411.0][549.0, 321.0, 639.0, 411.0][Nouvelle combi[3.3077860986962833
[999.0, 591.0, 1089.0, 681.0][909.0, 501.0, 999.0, 591.0][729.0, 321.0, 819.0, 411.0][369.0, 501.0, 459.0, 591.0][Nouvelle combi[3.860170962191546
[999.0, 591.0, 1089.0, 681.0][909.0, 501.0, 999.0, 591.0][729.0, 321.0, 819.0, 411.0][459.0, 591.0, 549.0, 681.0][Nouvelle combi[2.61252398976319
[999.0, 591.0, 1089.0, 681.0][909.0, 501.0, 999.0, 591.0][729.0, 321.0, 819.0, 411.0][729.0, 501.0, 819.0, 591.0][Combi déjà faite[3.246205740476512
[999.0, 591.0, 1089.0, 681.0][909.0, 501.0, 999.0, 591.0][729.0, 321.0, 819.0, 411.0][549.0, 501.0, 639.0, 591.0][Nouvelle combi[3.0838819149799974
[459.0, 591.0, 549.0, 681.0][369.0, 501.0, 459.0, 591.0][459.0, 411.0, 549.0, 501.0][549.0, 321.0, 639.0, 411.0][Nouvelle combi[4.184587228379314
[639.0, 231.0, 729.0, 321.0][729.0, 321.0, 819.0, 411.0][729.0, 501.0, 819.0, 591.0][549.0, 501.0, 639.0, 591.0][Nouvelle combi[2.8895629863080785
[459.0, 411.0, 549.0, 501.0][549.0, 321.0, 639.0, 411.0][639.0, 231.0, 729.0, 321.0][729.0, 321.0, 819.0, 411.0][Combi déjà faite[3.1426680144968486
[909.0, 501.0, 999.0, 591.0][729.0, 501.0, 819.0, 591.0][999.0, 591.0, 1089.0, 681.0][459.0, 591.0, 549.0, 681.0][Combi déjà faite[3.235745013944552
[549.0, 501.0, 639.0, 591.0][999.0, 591.0, 1089.0, 681.0][909.0, 501.0, 999.0, 591.0][729.0, 501.0, 819.0, 591.0][Nouvelle combi[3.516202679961225
[729.0, 321.0, 819.0, 411.0][999.0, 591.0, 1089.0, 681.0][909.0, 501.0, 999.0, 591.0][729.0, 501.0, 819.0, 591.0][Combi déjà faite[2.1981905215922097
[639.0, 231.0, 729.0, 321.0][999.0, 591.0, 1089.0, 681.0][909.0, 501.0, 999.0, 591.0][729.0, 501.0, 819.0, 591.0][Nouvelle combi[2.300390810577028
[729.0, 321.0, 819.0, 411.0][999.0, 591.0, 1089.0, 681.0][909.0, 501.0, 999.0, 591.0][729.0, 501.0, 819.0, 591.0][Combi déjà faite[2.1053633685032764
[639.0, 231.0, 729.0, 321.0][999.0, 591.0, 1089.0, 681.0][909.0, 501.0, 999.0, 591.0][729.0, 501.0, 819.0, 591.0][Combi déjà faite[2.363933426817198
[549.0, 321.0, 639.0, 411.0][999.0, 591.0, 1089.0, 681.0][909.0, 501.0, 999.0, 591.0][836, 548[A cote
[729.0, 501.0, 819.0, 591.0][549.0, 501.0, 639.0, 591.0][459.0, 411.0, 549.0, 501.0][999.0, 591.0, 1089.0, 681.0][Nouvelle combi[2.0606293830804816
[909.0, 501.0, 999.0, 591.0][729.0, 501.0, 819.0, 591.0][549.0, 501.0, 639.0, 591.0][459.0, 411.0, 549.0, 501.0][Nouvelle combi[1.9610091987767646
[729.0, 321.0, 819.0, 411.0][729.0, 501.0, 819.0, 591.0][909.0, 501.0, 999.0, 591.0][999.0, 591.0, 1089.0, 681.0][Combi déjà faite[2.795678191325692
[459.0, 591.0, 549.0, 681.0][999.0, 591.0, 1089.0, 681.0][909.0, 501.0, 999.0, 591.0][729.0, 501.0, 819.0, 591.0][Combi déjà faite[2.1129358875371054
[549.0, 501.0, 639.0, 591.0][459.0, 591.0, 549.0, 681.0][729.0, 501.0, 819.0, 591.0][729.0, 321.0, 819.0, 411.0][Nouvelle combi[2.942524260532764
[729.0, 321.0, 819.0, 411.0][729.0, 501.0, 819.0, 591.0][549.0, 501.0, 639.0, 591.0][459.0, 591.0, 549.0, 681.0][Combi déjà faite[3.175779016023739
[729.0, 321.0, 819.0, 411.0][729.0, 501.0, 819.0, 591.0][909.0, 501.0, 999.0, 591.0][639.0, 231.0, 729.0, 321.0][Nouvelle combi[6.827605191881162
[549.0, 321.0, 639.0, 411.0][459.0, 411.0, 549.0, 501.0][549.0, 501.0, 639.0, 591.0][999.0, 591.0, 1089.0, 681.0][Nouvelle combi[5.429878916823668
[729.0, 321.0, 819.0, 411.0][729.0, 501.0, 819.0, 591.0][549.0, 501.0, 639.0, 591.0][909.0, 501.0, 999.0, 591.0][Nouvelle combi[4.879368926661641
[459.0, 591.0, 549.0, 681.0][549.0, 501.0, 639.0, 591.0][459.0, 411.0, 549.0, 501.0][729.0, 501.0, 819.0, 591.0][Nouvelle combi[4.315880054055469
[639.0, 231.0, 729.0, 321.0][729.0, 321.0, 819.0, 411.0][549.0, 321.0, 639.0, 411.0][729.0, 501.0, 819.0, 591.0][Combi déjà faite[5.274086378737479
[549.0, 501.0, 639.0, 591.0][729.0, 501.0, 819.0, 591.0][729.0, 321.0, 819.0, 411.0][909.0, 501.0, 999.0, 591.0][Combi déjà faite[3.1641728526547013
[459.0, 591.0, 549.0, 681.0][549.0, 501.0, 639.0, 591.0][459.0, 411.0, 549.0, 501.0][549.0, 321.0, 639.0, 411.0][Nouvelle combi[2.976466442228798
[459.0, 591.0, 549.0, 681.0][549.0, 501.0, 639.0, 591.0][729.0, 501.0, 819.0, 591.0][549.0, 321.0, 639.0, 411.0][Nouvelle combi[4.400778585254102
[459.0, 591.0, 549.0, 681.0][549.0, 501.0, 639.0, 591.0][549.0, 321.0, 639.0, 411.0][639.0, 231.0, 729.0, 321.0][Nouvelle combi[3.280853153520411
[729.0, 321.0, 819.0, 411.0][729.0, 501.0, 819.0, 591.0][549.0, 501.0, 639.0, 591.0][459.0, 411.0, 549.0, 501.0][Nouvelle combi[1.8499961846121096
[999.0, 591.0, 1089.0, 681.0][909.0, 501.0, 999.0, 591.0][729.0, 501.0, 819.0, 591.0][549.0, 501.0, 639.0, 591.0][Combi déjà faite[2.856651779816957
[459.0, 591.0, 549.0, 681.0][729.0, 501.0, 819.0, 591.0][729.0, 321.0, 819.0, 411.0][549.0, 321.0, 639.0, 411.0][Nouvelle combi[3.4351166647111313
[549.0, 501.0, 639.0, 591.0][729.0, 501.0, 819.0, 591.0][729.0, 321.0, 819.0, 411.0][909.0, 501.0, 999.0, 591.0][Combi déjà faite[3.5082404170177597
[999.0, 591.0, 1089.0, 681.0][729.0, 501.0, 819.0, 591.0][909.0, 501.0, 999.0, 591.0][549.0, 501.0, 639.0, 591.0][Combi déjà faite[3.01824986112797
[459.0, 411.0, 549.0, 501.0][549.0, 321.0, 639.0, 411.0][639.0, 231.0, 729.0, 321.0][549.0, 501.0, 639.0, 591.0][Nouvelle combi[3.0018506681851704
[459.0, 591.0, 549.0, 681.0][459.0, 411.0, 549.0, 501.0][549.0, 321.0, 639.0, 411.0]
30 sec
[639.0, 231.0, 729.0, 321.0][Nouvelle combi[3.530225665826265
[729.0, 321.0, 819.0, 411.0][729.0, 501.0, 819.0, 591.0][909.0, 501.0, 999.0, 591.0][999.0, 591.0, 1089.0, 681.0][Combi déjà faite[3.3959687351539287
[459.0, 591.0, 549.0, 681.0][549.0, 501.0, 639.0, 591.0][459.0, 411.0, 549.0, 501.0][369.0, 501.0, 459.0, 591.0][Combi déjà faite[1.8243141122577526
[729.0, 501.0, 819.0, 591.0][729.0, 321.0, 819.0, 411.0][639.0, 231.0, 729.0, 321.0][549.0, 321.0, 639.0, 411.0][Combi déjà faite[2.0076525190995653
[909.0, 501.0, 999.0, 591.0][729.0, 501.0, 819.0, 591.0][549.0, 501.0, 639.0, 591.0][459.0, 411.0, 549.0, 501.0][Combi déjà faite[2.4088516175193035
[729.0, 321.0, 819.0, 411.0][729.0, 501.0, 819.0, 591.0][549.0, 501.0, 639.0, 591.0][639.0, 231.0, 729.0, 321.0][Combi déjà faite[2.8971646335710375
[999.0, 591.0, 1089.0, 681.0][909.0, 501.0, 999.0, 591.0][729.0, 501.0, 819.0, 591.0][549.0, 501.0, 639.0, 591.0][Combi déjà faite[2.8705918938189825
[459.0, 591.0, 549.0, 681.0][549.0, 501.0, 639.0, 591.0][729.0, 501.0, 819.0, 591.0][729.0, 321.0, 819.0, 411.0][Combi déjà faite[3.0641941039541507
[459.0, 411.0, 549.0, 501.0][729.0, 321.0, 819.0, 411.0][639.0, 231.0, 729.0, 321.0][549.0, 321.0, 639.0, 411.0][Combi déjà faite[2.610025526174695
[549.0, 501.0, 639.0, 591.0][999.0, 591.0, 1089.0, 681.0][909.0, 501.0, 999.0, 591.0][729.0, 501.0, 819.0, 591.0][Combi déjà faite[2.1915956443860978
[459.0, 591.0, 549.0, 681.0][549.0, 501.0, 639.0, 591.0][729.0, 501.0, 819.0, 591.0][729.0, 321.0, 819.0, 411.0][Combi déjà faite[3.356923369783317
[459.0, 411.0, 549.0, 501.0]

Bonnes réponses=[ 28.00
Erreurs couleur:[ 0.00
Erreurs répétition:[ 24.00
Erreurs même cercle:[ 0.00
Erreurs à côté:[ 1.00
Erreurs totales:[25
Nombre de réponses:[53
Taux de réussite=[ 52.83
RTmoy reussi sec=[ 3.582
RTmoy deja fait sec=[ 2.868
RTmoy tot sec=[ 3.225
RTmax sec=[ 10.399
RTmin sec=[ 1.850

