
TACHE SPATIALE DIFFICILE FORT GAIN

Coord distracteur bleu 1 [729.0, 321.0, 819.0, 411.0]
Coord distracteur bleu 2 [369.0, 501.0, 459.0, 591.0]
Coord distracteur bleu 3 [549.0, 321.0, 639.0, 411.0]
Coord distracteur rouge 1 [639.0, 411.0, 729.0, 501.0]
Coord distracteur rouge 2 [459.0, 411.0, 549.0, 501.0]

[Coord Cercle 1[Coord Cercle 2[Coord Cercle 3[Coord Cercle 4[Combi[RT
[1222, 903[[[[A cote
[279.0, 591.0, 369.0, 681.0][459.0, 591.0, 549.0, 681.0][549.0, 501.0, 639.0, 591.0][639.0, 591.0, 729.0, 681.0][Nouvelle combi[4.254159388028256
[279.0, 591.0, 369.0, 681.0][549.0, 501.0, 639.0, 591.0][639.0, 591.0, 729.0, 681.0][729.0, 501.0, 819.0, 591.0][Nouvelle combi[3.318342004793294
[279.0, 591.0, 369.0, 681.0][549.0, 501.0, 639.0, 591.0][639.0, 591.0, 729.0, 681.0][819.0, 591.0, 909.0, 681.0][Nouvelle combi[2.6710676275426977
[279.0, 591.0, 369.0, 681.0][549.0, 501.0, 639.0, 591.0][819.0, 591.0, 909.0, 681.0][999.0, 591.0, 1089.0, 681.0][Nouvelle combi[2.706463759149756
[459.0, 591.0, 549.0, 681.0][549.0, 501.0, 639.0, 591.0][639.0, 591.0, 729.0, 681.0][729.0, 501.0, 819.0, 591.0][Nouvelle combi[3.223440593592386
[819.0, 411.0, 909.0, 501.0][819.0, 411.0, 909.0, 501.0][[[Meme cercle
[909.0, 501.0, 999.0, 591.0][999.0, 591.0, 1089.0, 681.0][819.0, 591.0, 909.0, 681.0][729.0, 501.0, 819.0, 591.0][Nouvelle combi[1.6423414501264233
[999.0, 591.0, 1089.0, 681.0][819.0, 591.0, 909.0, 681.0][639.0, 591.0, 729.0, 681.0][549.0, 501.0, 639.0, 591.0][Nouvelle combi[3.263927190914501
[999.0, 591.0, 1089.0, 681.0][819.0, 591.0, 909.0, 681.0][639.0, 591.0, 729.0, 681.0][279.0, 591.0, 369.0, 681.0][Nouvelle combi[2.4763646985554715
[999.0, 591.0, 1089.0, 681.0][909.0, 501.0, 999.0, 591.0][819.0, 411.0, 909.0, 501.0][639.0, 231.0, 729.0, 321.0][Nouvelle combi[2.6927882607492393
[999.0, 591.0, 1089.0, 681.0][909.0, 501.0, 999.0, 591.0][819.0, 591.0, 909.0, 681.0][729.0, 501.0, 819.0, 591.0][Combi déjà faite[3.1448390932014263
[639.0, 591.0, 729.0, 681.0][549.0, 501.0, 639.0, 591.0][279.0, 591.0, 369.0, 681.0][639.0, 231.0, 729.0, 321.0][Nouvelle combi[2.6354150854688214
[819.0, 411.0, 909.0, 501.0][729.0, 501.0, 819.0, 591.0][639.0, 591.0, 729.0, 681.0][549.0, 501.0, 639.0, 591.0][Nouvelle combi[2.4717767973552327
[999.0, 591.0, 1089.0, 681.0][909.0, 501.0, 999.0, 591.0][819.0, 411.0, 909.0, 501.0][819.0, 591.0, 909.0, 681.0][Nouvelle combi[2.009647187402834
[819.0, 411.0, 909.0, 501.0][729.0, 501.0, 819.0, 591.0][639.0, 591.0, 729.0, 681.0][549.0, 501.0, 639.0, 591.0][Combi déjà faite[2.649326481498747
[909.0, 501.0, 999.0, 591.0][819.0, 591.0, 909.0, 681.0][729.0, 501.0, 819.0, 591.0][819.0, 411.0, 909.0, 501.0][Nouvelle combi[1.8595157821666817
[999.0, 591.0, 1089.0, 681.0][819.0, 591.0, 909.0, 681.0][909.0, 501.0, 999.0, 591.0][819.0, 411.0, 909.0, 501.0][Combi déjà faite[2.898165660033328
[639.0, 591.0, 729.0, 681.0][999.0, 591.0, 1089.0, 681.0][819.0, 591.0, 909.0, 681.0][909.0, 501.0, 999.0, 591.0][Nouvelle combi[2.0180316045386917
[729.0, 501.0, 819.0, 591.0][639.0, 231.0, 729.0, 321.0][549.0, 501.0, 639.0, 591.0][459.0, 591.0, 549.0, 681.0][Nouvelle combi[2.6625523385043834
[279.0, 591.0, 369.0, 681.0][459.0, 591.0, 549.0, 681.0][549.0, 501.0, 639.0, 591.0][639.0, 591.0, 729.0, 681.0][Combi déjà faite[2.85628788208237
[729.0, 501.0, 819.0, 591.0][819.0, 411.0, 909.0, 501.0][639.0, 231.0, 729.0, 321.0][909.0, 501.0, 999.0, 591.0][Nouvelle combi[2.036400440123316
[819.0, 591.0, 909.0, 681.0][999.0, 591.0, 1089.0, 681.0][909.0, 501.0, 999.0, 591.0][729.0, 501.0, 819.0, 591.0][Combi déjà faite[2.0295540755314505
[729.0, 501.0, 819.0, 591.0][819.0, 411.0, 909.0, 501.0][549.0, 501.0, 639.0, 591.0][639.0, 591.0, 729.0, 681.0][Combi déjà faite[1.9646087914738928
[459.0, 591.0, 549.0, 681.0][819.0, 411.0, 909.0, 501.0][729.0, 501.0, 819.0, 591.0][639.0, 231.0, 729.0, 321.0][Nouvelle combi[3.15209038120247
[549.0, 501.0, 639.0, 591.0][729.0, 501.0, 819.0, 591.0][819.0, 411.0, 909.0, 501.0][639.0, 591.0, 729.0, 681.0][Combi déjà faite[2.3951609396192453
[819.0, 591.0, 909.0, 681.0][819.0, 411.0, 909.0, 501.0][729.0, 501.0, 819.0, 591.0][639.0, 591.0, 729.0, 681.0][Nouvelle combi[2.3791666700853966
[909.0, 501.0, 999.0, 591.0][729.0, 501.0, 819.0, 591.0][549.0, 501.0, 639.0, 591.0][459.0, 591.0, 549.0, 681.0][Nouvelle combi[3.3841816485594336
[819.0, 411.0, 909.0, 501.0][729.0, 501.0, 819.0, 591.0][639.0, 591.0, 729.0, 681.0][549.0, 501.0, 639.0, 591.0][Combi déjà faite[3.8443793594908584
[819.0, 411.0, 909.0, 501.0][819.0, 591.0, 909.0, 681.0][639.0, 591.0, 729.0, 681.0][459.0, 591.0, 549.0, 681.0][Nouvelle combi[2.396582068990483
[279.0, 591.0, 369.0, 681.0][819.0, 411.0, 909.0, 501.0][819.0, 591.0, 909.0, 681.0][729.0, 501.0, 819.0, 591.0][Nouvelle combi[2.92906824949182
[999.0, 591.0, 1089.0, 681.0][819.0, 411.0, 909.0, 501.0][909.0, 501.0, 999.0, 591.0][819.0, 591.0, 909.0, 681.0][Combi déjà faite[3.0203594013205475
[729.0, 501.0, 819.0, 591.0][819.0, 591.0, 909.0, 681.0][639.0, 231.0, 729.0, 321.0][639.0, 591.0, 729.0, 681.0][Nouvelle combi[4.253799592861014
[819.0, 591.0, 909.0, 681.0][729.0, 501.0, 819.0, 591.0][639.0, 591.0, 729.0, 681.0][549.0, 501.0, 639.0, 591.0][Nouvelle combi[2.1491636095702233
[639.0, 231.0, 729.0, 321.0][459.0, 591.0, 549.0, 681.0][279.0, 591.0, 369.0, 681.0][549.0, 501.0, 639.0, 591.0][Nouvelle combi[2.067958209606786
[639.0, 591.0, 729.0, 681.0][549.0, 501.0, 639.0, 591.0][729.0, 501.0, 819.0, 591.0][639.0, 231.0, 729.0, 321.0][Nouvelle combi[2.1038084954325313
[819.0, 411.0, 909.0, 501.0][729.0, 501.0, 819.0, 591.0][639.0, 591.0, 729.0, 681.0][639.0, 231.0, 729.0, 321.0][Nouvelle combi[3.952676063734316
[639.0, 231.0, 729.0, 321.0][819.0, 411.0, 909.0, 501.0][549.0, 501.0, 639.0, 591.0][729.0, 501.0, 819.0, 591.0][Nouvelle combi[3.608673730193914
[279.0, 591.0, 369.0, 681.0][459.0, 591.0, 549.0, 681.0][549.0, 501.0, 639.0, 591.0][639.0, 591.0, 729.0, 681.0][Combi déjà faite[2.4126969540077425
[819.0, 591.0, 909.0, 681.0][729.0, 501.0, 819.0, 591.0][819.0, 411.0, 909.0, 501.0][909.0, 501.0, 999.0, 591.0][Combi déjà faite[1.5961547455626715
[999.0, 591.0, 1089.0, 681.0][909.0, 501.0, 999.0, 591.0][819.0, 591.0, 909.0, 681.0][639.0, 231.0, 729.0, 321.0][Nouvelle combi[3.4101939775950996
[639.0, 591.0, 729.0, 681.0][819.0, 591.0, 909.0, 681.0][909.0, 501.0, 999.0, 591.0][819.0, 411.0, 909.0, 501.0][Nouvelle combi[2.926454503757668
[279.0, 591.0, 369.0, 681.0][639.0, 231.0, 729.0, 321.0][549.0, 501.0, 639.0, 591.0][639.0, 591.0, 729.0, 681.0][Combi déjà faite[3.956088169098166
[459.0, 591.0, 549.0, 681.0][819.0, 591.0, 909.0, 681.0][729.0, 501.0, 819.0, 591.0][639.0, 591.0, 729.0, 681.0][Nouvelle combi[2.4577624268820273
[549.0, 501.0, 639.0, 591.0][459.0, 591.0, 549.0, 681.0][639.0, 591.0, 729.0, 681.0][819.0, 591.0, 909.0, 681.0][Nouvelle combi[2.66869921534294
[999.0, 591.0, 1089.0, 681.0][909.0, 501.0, 999.0, 591.0][819.0, 411.0, 909.0, 501.0][729.0, 501.0, 819.0, 591.0][Nouvelle combi[1.4580089911867162
[819.0, 591.0, 909.0, 681.0][729.0, 501.0, 819.0, 591.0][639.0, 591.0, 729.0, 681.0][819.0, 411.0, 909.0, 501.0][Combi déjà faite[2.765276935611837
[549.0, 501.0, 639.0, 591.0][639.0, 231.0, 729.0, 321.0][729.0, 501.0, 819.0, 591.0][819.0, 411.0, 909.0, 501.0][Combi déjà faite[2.211520994068451
[549.0, 501.0, 639.0, 591.0][459.0, 591.0, 549.0, 681.0][639.0, 591.0, 729.0, 681.0][729.0, 501.0, 819.0, 591.0][Combi déjà faite[2.534537874492571
[819.0, 411.0, 909.0, 501.0][639.0, 591.0, 729.0, 681.0][729.0, 501.0, 819.0, 591.0][819.0, 411.0, 909.0, 501.0][Meme cercle
[549.0, 501.0, 639.0, 591.0][639.0, 231.0, 729.0, 321.0][819.0, 411.0, 909.0, 501.0][729.0, 501.0, 819.0, 591.0][Combi déjà faite[6.450989087991047
[639.0, 591.0, 729.0, 681.0][549.0, 501.0, 639.0, 591.0][729.0, 501.0, 819.0, 591.0][459.0, 591.0, 549.0, 681.0][Combi déjà faite[1.9406707205503153
[279.0, 591.0, 369.0, 681.0][819.0, 411.0, 909.0, 501.0]
30 sec
[729.0, 501.0, 819.0, 591.0][549.0, 501.0, 639.0, 591.0][Nouvelle combi[2.7687013486779506
[639.0, 591.0, 729.0, 681.0][819.0, 591.0, 909.0, 681.0][729.0, 501.0, 819.0, 591.0][819.0, 411.0, 909.0, 501.0][Combi déjà faite[1.610777526791935
[999.0, 591.0, 1089.0, 681.0][909.0, 501.0, 999.0, 591.0][819.0, 591.0, 909.0, 681.0][639.0, 591.0, 729.0, 681.0][Combi déjà faite[1.4984262551190568
[459.0, 591.0, 549.0, 681.0][549.0, 501.0, 639.0, 591.0][279.0, 591.0, 369.0, 681.0][639.0, 591.0, 729.0, 681.0][Combi déjà faite[3.207283862386703
[819.0, 591.0, 909.0, 681.0][999.0, 591.0, 1089.0, 681.0][639.0, 591.0, 729.0, 681.0][459.0, 591.0, 549.0, 681.0][Nouvelle combi[2.211673199321467
[639.0, 591.0, 729.0, 681.0][729.0, 501.0, 819.0, 591.0][819.0, 411.0, 909.0, 501.0][549.0, 501.0, 639.0, 591.0][Combi déjà faite[4.318013799395885
[909.0, 501.0, 999.0, 591.0][819.0, 411.0, 909.0, 501.0][729.0, 501.0, 819.0, 591.0][819.0, 591.0, 909.0, 681.0][Combi déjà faite[2.1124370153329437
[639.0, 591.0, 729.0, 681.0][549.0, 501.0, 639.0, 591.0][819.0, 411.0, 909.0, 501.0][639.0, 231.0, 729.0, 321.0][Nouvelle combi[1.7034204746014439
[639.0, 591.0, 729.0, 681.0][549.0, 501.0, 639.0, 591.0][729.0, 501.0, 819.0, 591.0][639.0, 231.0, 729.0, 321.0][Combi déjà faite[3.9841308587740514
[729.0, 501.0, 819.0, 591.0][819.0, 411.0, 909.0, 501.0][639.0, 231.0, 729.0, 321.0][549.0, 501.0, 639.0, 591.0][Combi déjà faite[2.819880467594203
[459.0, 591.0, 549.0, 681.0][279.0, 591.0, 369.0, 681.0][459.0, 591.0, 549.0, 681.0][[Meme cercle
[549.0, 501.0, 639.0, 591.0][639.0, 591.0, 729.0, 681.0][729.0, 501.0, 819.0, 591.0][639.0, 231.0, 729.0, 321.0][Combi déjà faite[1.6143894271913268
[819.0, 411.0, 909.0, 501.0][819.0, 591.0, 909.0, 681.0]

Bonnes réponses=[ 35.00
Erreurs couleur:[ 0.00
Erreurs répétition:[ 25.00
Erreurs même cercle:[ 3.00
Erreurs à côté:[ 1.00
Erreurs totales:[29
Nombre de réponses:[64
Taux de réussite=[ 54.69
RTmoy reussi sec=[ 2.684
RTmoy deja fait sec=[ 2.793
RTmoy tot sec=[ 2.738
RTmax sec=[ 4.254
RTmin sec=[ 1.458

