
TACHE SPATIALE DIFFICILE FAIBLE GAIN

Coord distracteur bleu 1 [459.0, 591.0, 549.0, 681.0]
Coord distracteur bleu 2 [639.0, 591.0, 729.0, 681.0]
Coord distracteur bleu 3 [549.0, 321.0, 639.0, 411.0]
Coord distracteur rouge 1 [819.0, 411.0, 909.0, 501.0]
Coord distracteur rouge 2 [459.0, 411.0, 549.0, 501.0]

[Coord Cercle 1[Coord Cercle 2[Coord Cercle 3[Coord Cercle 4[Combi[RT
[279.0, 591.0, 369.0, 681.0][369.0, 501.0, 459.0, 591.0][549.0, 501.0, 639.0, 591.0][639.0, 411.0, 729.0, 501.0][Nouvelle combi[2.7879417435898404
[729.0, 501.0, 819.0, 591.0][819.0, 591.0, 909.0, 681.0][909.0, 501.0, 999.0, 591.0][999.0, 591.0, 1089.0, 681.0][Nouvelle combi[2.122300307692285
[729.0, 321.0, 819.0, 411.0][639.0, 231.0, 729.0, 321.0][639.0, 411.0, 729.0, 501.0][369.0, 501.0, 459.0, 591.0][Nouvelle combi[1.862138666666624
[279.0, 591.0, 369.0, 681.0][819.0, 591.0, 909.0, 681.0][909.0, 501.0, 999.0, 591.0][999.0, 591.0, 1089.0, 681.0][Nouvelle combi[1.604023794871864
[549.0, 501.0, 639.0, 591.0][819.0, 591.0, 909.0, 681.0][729.0, 501.0, 819.0, 591.0][639.0, 411.0, 729.0, 501.0][Nouvelle combi[1.9369768205126547
[729.0, 321.0, 819.0, 411.0][639.0, 231.0, 729.0, 321.0][369.0, 501.0, 459.0, 591.0][279.0, 591.0, 369.0, 681.0][Nouvelle combi[1.7983835897434801
[999.0, 591.0, 1089.0, 681.0][909.0, 501.0, 999.0, 591.0][639.0, 411.0, 729.0, 501.0][729.0, 501.0, 819.0, 591.0][Nouvelle combi[1.7119692307692276
[819.0, 591.0, 909.0, 681.0][729.0, 321.0, 819.0, 411.0][639.0, 231.0, 729.0, 321.0][549.0, 501.0, 639.0, 591.0][Nouvelle combi[2.116277333333528
[999.0, 591.0, 1089.0, 681.0][909.0, 501.0, 999.0, 591.0][819.0, 591.0, 909.0, 681.0][729.0, 501.0, 819.0, 591.0][Combi déjà faite[1.4893078974359923
[639.0, 411.0, 729.0, 501.0][549.0, 501.0, 639.0, 591.0][369.0, 501.0, 459.0, 591.0][279.0, 591.0, 369.0, 681.0][Combi déjà faite[1.3149682051282525
[729.0, 501.0, 819.0, 591.0][549.0, 501.0, 639.0, 591.0][639.0, 411.0, 729.0, 501.0][729.0, 321.0, 819.0, 411.0][Nouvelle combi[1.8599954871795035
[819.0, 591.0, 909.0, 681.0][279.0, 591.0, 369.0, 681.0][729.0, 501.0, 819.0, 591.0][549.0, 501.0, 639.0, 591.0][Nouvelle combi[2.569086358974346
[639.0, 231.0, 729.0, 321.0][729.0, 321.0, 819.0, 411.0][909.0, 501.0, 999.0, 591.0][999.0, 591.0, 1089.0, 681.0][Nouvelle combi[1.976091487179474
[639.0, 411.0, 729.0, 501.0][549.0, 501.0, 639.0, 591.0][279.0, 591.0, 369.0, 681.0][369.0, 501.0, 459.0, 591.0][Combi déjà faite[1.5668237948716524
[819.0, 591.0, 909.0, 681.0][729.0, 501.0, 819.0, 591.0][909.0, 501.0, 999.0, 591.0][999.0, 591.0, 1089.0, 681.0][Combi déjà faite[1.9726695384615596
[639.0, 411.0, 729.0, 501.0][279.0, 591.0, 369.0, 681.0][729.0, 501.0, 819.0, 591.0][819.0, 591.0, 909.0, 681.0][Nouvelle combi[2.470363897436073
[639.0, 231.0, 729.0, 321.0][729.0, 321.0, 819.0, 411.0][999.0, 591.0, 1089.0, 681.0][909.0, 501.0, 999.0, 591.0][Combi déjà faite[1.9624233846154766
[279.0, 591.0, 369.0, 681.0][369.0, 501.0, 459.0, 591.0][549.0, 501.0, 639.0, 591.0][819.0, 591.0, 909.0, 681.0][Nouvelle combi[1.9234309743590075
[639.0, 411.0, 729.0, 501.0][729.0, 501.0, 819.0, 591.0][729.0, 321.0, 819.0, 411.0][999.0, 591.0, 1089.0, 681.0][Nouvelle combi[2.0889604102565045
[909.0, 501.0, 999.0, 591.0][729.0, 501.0, 819.0, 591.0][639.0, 411.0, 729.0, 501.0][729.0, 321.0, 819.0, 411.0][Nouvelle combi[1.7967872820513549
[819.0, 591.0, 909.0, 681.0][549.0, 501.0, 639.0, 591.0][369.0, 501.0, 459.0, 591.0][279.0, 591.0, 369.0, 681.0][Combi déjà faite[1.7157952820512037
[999.0, 591.0, 1089.0, 681.0][909.0, 501.0, 999.0, 591.0][819.0, 591.0, 909.0, 681.0][639.0, 231.0, 729.0, 321.0][Nouvelle combi[1.9106293333331905
[729.0, 321.0, 819.0, 411.0][639.0, 411.0, 729.0, 501.0][729.0, 501.0, 819.0, 591.0][909.0, 501.0, 999.0, 591.0][Combi déjà faite[1.6880164102565232
[549.0, 501.0, 639.0, 591.0][369.0, 501.0, 459.0, 591.0][279.0, 591.0, 369.0, 681.0][819.0, 591.0, 909.0, 681.0][Combi déjà faite[1.9715766153844925
[729.0, 501.0, 819.0, 591.0][999.0, 591.0, 1089.0, 681.0][909.0, 501.0, 999.0, 591.0][639.0, 411.0, 729.0, 501.0][Combi déjà faite[2.101659897435866
[729.0, 321.0, 819.0, 411.0][639.0, 231.0, 729.0, 321.0][549.0, 501.0, 639.0, 591.0][819.0, 591.0, 909.0, 681.0][Combi déjà faite[1.9702916923076828
[909.0, 501.0, 999.0, 591.0][999.0, 591.0, 1089.0, 681.0][819.0, 591.0, 909.0, 681.0][729.0, 501.0, 819.0, 591.0][Combi déjà faite[1.5076057435896928
[279.0, 591.0, 369.0, 681.0][549.0, 501.0, 639.0, 591.0][639.0, 411.0, 729.0, 501.0][819.0, 591.0, 909.0, 681.0][Nouvelle combi[2.4296356923075564
[729.0, 501.0, 819.0, 591.0][369.0, 501.0, 459.0, 591.0][819.0, 591.0, 909.0, 681.0][909.0, 501.0, 999.0, 591.0][Nouvelle combi[1.8627663589743406
[999.0, 591.0, 1089.0, 681.0][639.0, 411.0, 729.0, 501.0][549.0, 501.0, 639.0, 591.0][729.0, 321.0, 819.0, 411.0][Nouvelle combi[1.5683909743588629
[639.0, 231.0, 729.0, 321.0][729.0, 501.0, 819.0, 591.0][819.0, 591.0, 909.0, 681.0][369.0, 501.0, 459.0, 591.0][Nouvelle combi[1.8802683076921767
[279.0, 591.0, 369.0, 681.0][549.0, 501.0, 639.0, 591.0][819.0, 591.0, 909.0, 681.0][729.0, 501.0, 819.0, 591.0][Combi déjà faite[2.4677037948717953
[639.0, 411.0, 729.0, 501.0][999.0, 591.0, 1089.0, 681.0][909.0, 501.0, 999.0, 591.0][729.0, 321.0, 819.0, 411.0][Nouvelle combi[2.001162666666687
[639.0, 231.0, 729.0, 321.0][549.0, 501.0, 639.0, 591.0][369.0, 501.0, 459.0, 591.0][819.0, 591.0, 909.0, 681.0][Nouvelle combi[1.9113009230770786
[729.0, 501.0, 819.0, 591.0][639.0, 411.0, 729.0, 501.0][909.0, 501.0, 999.0, 591.0][819.0, 591.0, 909.0, 681.0][Nouvelle combi[2.582423794871829
[549.0, 501.0, 639.0, 591.0][729.0, 501.0, 819.0, 591.0][639.0, 411.0, 729.0, 501.0][369.0, 501.0, 459.0, 591.0][Nouvelle combi[3.067961435897587
[279.0, 591.0, 369.0, 681.0][819.0, 591.0, 909.0, 681.0][729.0, 501.0, 819.0, 591.0][909.0, 501.0, 999.0, 591.0][Nouvelle combi[2.537624205128168
[999.0, 591.0, 1089.0, 681.0][639.0, 411.0, 729.0, 501.0][729.0, 321.0, 819.0, 411.0][639.0, 231.0, 729.0, 321.0][Nouvelle combi[2.790467692307857
[369.0, 501.0, 459.0, 591.0][279.0, 591.0, 369.0, 681.0][819.0, 591.0, 909.0, 681.0][729.0, 501.0, 819.0, 591.0][Nouvelle combi[2.385954461538404
[549.0, 501.0, 639.0, 591.0][729.0, 321.0, 819.0, 411.0][909.0, 501.0, 999.0, 591.0][999.0, 591.0, 1089.0, 681.0][Nouvelle combi[3.038432820512753
[279.0, 591.0, 369.0, 681.0][369.0, 501.0, 459.0, 591.0][549.0, 501.0, 639.0, 591.0][729.0, 501.0, 819.0, 591.0][Nouvelle combi[2.0194900512819913
[819.0, 591.0, 909.0, 681.0][639.0, 411.0, 729.0, 501.0][279.0, 591.0, 369.0, 681.0][819.0, 591.0, 909.0, 681.0][Meme cercle
[819.0, 591.0, 909.0, 681.0][909.0, 501.0, 999.0, 591.0][999.0, 591.0, 1089.0, 681.0][729.0, 501.0, 819.0, 591.0][Combi déjà faite[1.9073628717949305
[639.0, 231.0, 729.0, 321.0][639.0, 411.0, 729.0, 501.0][729.0, 321.0, 819.0, 411.0][369.0, 501.0, 459.0, 591.0][Combi déjà faite[2.190457435897315
[729.0, 501.0, 819.0, 591.0][819.0, 591.0, 909.0, 681.0][549.0, 501.0, 639.0, 591.0][279.0, 591.0, 369.0, 681.0][Combi déjà faite[1.8952151794871952
[729.0, 321.0, 819.0, 411.0][639.0, 231.0, 729.0, 321.0][909.0, 501.0, 999.0, 591.0][999.0, 591.0, 1089.0, 681.0][Combi déjà faite[1.8347626666668475
[369.0, 501.0, 459.0, 591.0][639.0, 231.0, 729.0, 321.0][999.0, 591.0, 1089.0, 681.0][909.0, 501.0, 999.0, 591.0][Nouvelle combi[2.638493948717951
[279.0, 591.0, 369.0, 681.0][999.0, 591.0, 1089.0, 681.0][639.0, 231.0, 729.0, 321.0][729.0, 501.0, 819.0, 591.0][Nouvelle combi[3.1531450256409244
[909.0, 501.0, 999.0, 591.0][819.0, 591.0, 909.0, 681.0][549.0, 501.0, 639.0, 591.0][369.0, 501.0, 459.0, 591.0][Nouvelle combi[2.009882666666499
[999.0, 591.0, 1089.0, 681.0][639.0, 411.0, 729.0, 501.0][729.0, 321.0, 819.0, 411.0][639.0, 231.0, 729.0, 321.0][Combi déjà faite[1.7131926153847417
[819.0, 591.0, 909.0, 681.0][279.0, 591.0, 369.0, 681.0][729.0, 321.0, 819.0, 411.0][999.0, 591.0, 1089.0, 681.0][Nouvelle combi[3.864835692307679
[909.0, 501.0, 999.0, 591.0][279.0, 591.0, 369.0, 681.0][549.0, 501.0, 639.0, 591.0][639.0, 411.0, 729.0, 501.0][Nouvelle combi[2.7085120000001552
[729.0, 501.0, 819.0, 591.0][819.0, 591.0, 909.0, 681.0][729.0, 321.0, 819.0, 411.0][369.0, 501.0, 459.0, 591.0][Nouvelle combi[2.4578166153846723
[909.0, 501.0, 999.0, 591.0][999.0, 591.0, 1089.0, 681.0][639.0, 231.0, 729.0, 321.0][549.0, 501.0, 639.0, 591.0][Nouvelle combi[2.497603692307621
[279.0, 591.0, 369.0, 681.0][819.0, 591.0, 909.0, 681.0][549.0, 501.0, 639.0, 591.0][909.0, 501.0, 999.0, 591.0][Nouvelle combi[3.559329230769208
[999.0, 591.0, 1089.0, 681.0][279.0, 591.0, 369.0, 681.0][549.0, 501.0, 639.0, 591.0][729.0, 321.0, 819.0, 411.0][Nouvelle combi[2.6775101538462422
[819.0, 591.0, 909.0, 681.0][909.0, 501.0, 999.0, 591.0][729.0, 501.0, 819.0, 591.0][639.0, 231.0, 729.0, 321.0][Nouvelle combi[2.5109353846153226
[369.0, 501.0, 459.0, 591.0][999.0, 591.0, 1089.0, 681.0][909.0, 501.0, 999.0, 591.0][729.0, 321.0, 819.0, 411.0][Nouvelle combi[4.1322166153847775
[729.0, 501.0, 819.0, 591.0][549.0, 501.0, 639.0, 591.0][819.0, 591.0, 909.0, 681.0][369.0, 501.0, 459.0, 591.0][Nouvelle combi[2.770750358974283
[909.0, 501.0, 999.0, 591.0][999.0, 591.0, 1089.0, 681.0][729.0, 321.0, 819.0, 411.0][639.0, 411.0, 729.0, 501.0][Combi déjà faite[2.2934477948717813
[639.0, 231.0, 729.0, 321.0][729.0, 501.0, 819.0, 591.0][279.0, 591.0, 369.0, 681.0][999.0, 591.0, 1089.0, 681.0][Combi déjà faite[3.1884176410255805
[819.0, 591.0, 909.0, 681.0][909.0, 501.0, 999.0, 591.0][639.0, 231.0, 729.0, 321.0][639.0, 411.0, 729.0, 501.0][Nouvelle combi[2.6574297435897734
[729.0, 501.0, 819.0, 591.0][819.0, 591.0, 909.0, 681.0]
30 sec
[549.0, 501.0, 639.0, 591.0][279.0, 591.0, 369.0, 681.0][Combi déjà faite[2.8093530256410304
[729.0, 321.0, 819.0, 411.0][909.0, 501.0, 999.0, 591.0][819.0, 591.0, 909.0, 681.0][999.0, 591.0, 1089.0, 681.0][Nouvelle combi[3.395699692307744
[369.0, 501.0, 459.0, 591.0][639.0, 411.0, 729.0, 501.0][999.0, 591.0, 1089.0, 681.0][819.0, 591.0, 909.0, 681.0][Nouvelle combi[4.242218666666531
[729.0, 321.0, 819.0, 411.0][729.0, 501.0, 819.0, 591.0][549.0, 501.0, 639.0, 591.0][369.0, 501.0, 459.0, 591.0][Nouvelle combi[1.9184972307691623
[909.0, 501.0, 999.0, 591.0][819.0, 591.0, 909.0, 681.0][729.0, 501.0, 819.0, 591.0][999.0, 591.0, 1089.0, 681.0][Combi déjà faite[3.9374125128206288
[549.0, 501.0, 639.0, 591.0][639.0, 411.0, 729.0, 501.0][729.0, 321.0, 819.0, 411.0][639.0, 231.0, 729.0, 321.0][Nouvelle combi[1.9543384615383275
[279.0, 591.0, 369.0, 681.0][369.0, 501.0, 459.0, 591.0][819.0, 591.0, 909.0, 681.0][909.0, 501.0, 999.0, 591.0][Nouvelle combi[2.910403692307682
[729.0, 501.0, 819.0, 591.0][549.0, 501.0, 639.0, 591.0][999.0, 591.0, 1089.0, 681.0][819.0, 591.0, 909.0, 681.0][Nouvelle combi[3.2880545641025947
[729.0, 321.0, 819.0, 411.0][639.0, 231.0, 729.0, 321.0][369.0, 501.0, 459.0, 591.0][549.0, 501.0, 639.0, 591.0][Nouvelle combi[2.6560824615385172
[639.0, 411.0, 729.0, 501.0][729.0, 501.0, 819.0, 591.0][549.0, 501.0, 639.0, 591.0][279.0, 591.0, 369.0, 681.0][Nouvelle combi[1.511581948717776
[909.0, 501.0, 999.0, 591.0][819.0, 591.0, 909.0, 681.0][729.0, 501.0, 819.0, 591.0]

Bonnes réponses=[ 50.00
Erreurs couleur:[ 0.00
Erreurs répétition:[ 21.00
Erreurs même cercle:[ 1.00
Erreurs à côté:[ 0.00
Erreurs totales:[22
Nombre de réponses:[72
Taux de réussite=[ 69.44
RTmoy reussi sec=[ 2.443
RTmoy deja fait sec=[ 2.071
RTmoy tot sec=[ 2.333
RTmax sec=[ 4.242
RTmin sec=[ 1.512

