
TACHE SPATIALE DIFFICILE FORT GAIN

Coord distracteur bleu 1 [639.0, 231.0, 729.0, 321.0]
Coord distracteur bleu 2 [729.0, 501.0, 819.0, 591.0]
Coord distracteur bleu 3 [459.0, 591.0, 549.0, 681.0]
Coord distracteur rouge 1 [639.0, 411.0, 729.0, 501.0]
Coord distracteur rouge 2 [819.0, 591.0, 909.0, 681.0]

[Coord Cercle 1[Coord Cercle 2[Coord Cercle 3[Coord Cercle 4[Combi[RT
[999.0, 591.0, 1089.0, 681.0][909.0, 501.0, 999.0, 591.0][819.0, 411.0, 909.0, 501.0][729.0, 321.0, 819.0, 411.0][Nouvelle combi[2.1482320835018527
[909.0, 501.0, 999.0, 591.0][819.0, 411.0, 909.0, 501.0][729.0, 321.0, 819.0, 411.0][549.0, 321.0, 639.0, 411.0][Nouvelle combi[2.626932818926889
[819.0, 411.0, 909.0, 501.0][729.0, 321.0, 819.0, 411.0][549.0, 321.0, 639.0, 411.0][459.0, 411.0, 549.0, 501.0][Nouvelle combi[1.847480740528681
[729.0, 321.0, 819.0, 411.0][549.0, 321.0, 639.0, 411.0][459.0, 411.0, 549.0, 501.0][369.0, 501.0, 459.0, 591.0][Nouvelle combi[2.0364500213743213
[729.0, 321.0, 819.0, 411.0][549.0, 321.0, 639.0, 411.0][459.0, 411.0, 549.0, 501.0][369.0, 501.0, 459.0, 591.0][Combi déjà faite[1.814531844486737
[549.0, 321.0, 639.0, 411.0][459.0, 411.0, 549.0, 501.0][369.0, 501.0, 459.0, 591.0][279.0, 591.0, 369.0, 681.0][Nouvelle combi[1.6745943182816063
[459.0, 411.0, 549.0, 501.0][369.0, 501.0, 459.0, 591.0][279.0, 591.0, 369.0, 681.0][639.0, 591.0, 729.0, 681.0][Nouvelle combi[2.195435737078469
[369.0, 501.0, 459.0, 591.0][279.0, 591.0, 369.0, 681.0][639.0, 591.0, 729.0, 681.0][999.0, 591.0, 1089.0, 681.0][Nouvelle combi[1.902840695104942
[369.0, 501.0, 459.0, 591.0][279.0, 591.0, 369.0, 681.0][549.0, 501.0, 639.0, 591.0][639.0, 591.0, 729.0, 681.0][Nouvelle combi[3.0509259069326617
[369.0, 501.0, 459.0, 591.0][549.0, 501.0, 639.0, 591.0][639.0, 591.0, 729.0, 681.0][279.0, 591.0, 369.0, 681.0][Combi déjà faite[2.438341383925035
[279.0, 591.0, 369.0, 681.0][639.0, 591.0, 729.0, 681.0][999.0, 591.0, 1089.0, 681.0][909.0, 501.0, 999.0, 591.0][Nouvelle combi[1.9558794208169274
[999.0, 591.0, 1089.0, 681.0][819.0, 411.0, 909.0, 501.0][549.0, 321.0, 639.0, 411.0][369.0, 501.0, 459.0, 591.0][Nouvelle combi[3.0663622019590093
[819.0, 411.0, 909.0, 501.0][549.0, 321.0, 639.0, 411.0][369.0, 501.0, 459.0, 591.0][639.0, 591.0, 729.0, 681.0][Nouvelle combi[3.303631750866316
[549.0, 321.0, 639.0, 411.0][729.0, 321.0, 819.0, 411.0][459.0, 411.0, 549.0, 501.0][819.0, 411.0, 909.0, 501.0][Combi déjà faite[2.5500766768602716
[459.0, 411.0, 549.0, 501.0][819.0, 411.0, 909.0, 501.0][369.0, 501.0, 459.0, 591.0][909.0, 501.0, 999.0, 591.0][Nouvelle combi[2.5535601611813945
[369.0, 501.0, 459.0, 591.0][909.0, 501.0, 999.0, 591.0][279.0, 591.0, 369.0, 681.0][999.0, 591.0, 1089.0, 681.0][Nouvelle combi[2.4245559593387043
[459.0, 411.0, 549.0, 501.0][549.0, 501.0, 639.0, 591.0][639.0, 591.0, 729.0, 681.0][369.0, 501.0, 459.0, 591.0][Nouvelle combi[2.4404156386333398
[549.0, 321.0, 639.0, 411.0][459.0, 411.0, 549.0, 501.0][549.0, 501.0, 639.0, 591.0][639.0, 591.0, 729.0, 681.0][Nouvelle combi[3.1441040868890013
[279.0, 591.0, 369.0, 681.0][369.0, 501.0, 459.0, 591.0][549.0, 501.0, 639.0, 591.0][639.0, 591.0, 729.0, 681.0][Combi déjà faite[3.0042182529491583
[459.0, 411.0, 549.0, 501.0][549.0, 321.0, 639.0, 411.0][729.0, 321.0, 819.0, 411.0][819.0, 411.0, 909.0, 501.0][Combi déjà faite[2.1900400491979326
[279.0, 591.0, 369.0, 681.0][369.0, 501.0, 459.0, 591.0][909.0, 501.0, 999.0, 591.0][999.0, 591.0, 1089.0, 681.0][Combi déjà faite[2.09734474064021
[999.0, 591.0, 1089.0, 681.0][819.0, 411.0, 909.0, 501.0][279.0, 591.0, 369.0, 681.0][459.0, 411.0, 549.0, 501.0][Nouvelle combi[2.2845277665412596
[549.0, 321.0, 639.0, 411.0][369.0, 501.0, 459.0, 591.0][729.0, 321.0, 819.0, 411.0][909.0, 501.0, 999.0, 591.0][Nouvelle combi[2.5700721476330273
[549.0, 321.0, 639.0, 411.0][819.0, 411.0, 909.0, 501.0][729.0, 321.0, 819.0, 411.0][549.0, 501.0, 639.0, 591.0][Nouvelle combi[3.2340412438634303
[549.0, 321.0, 639.0, 411.0][909.0, 501.0, 999.0, 591.0][729.0, 321.0, 819.0, 411.0][549.0, 501.0, 639.0, 591.0][Nouvelle combi[2.8281847563612246
[549.0, 321.0, 639.0, 411.0][999.0, 591.0, 1089.0, 681.0][729.0, 321.0, 819.0, 411.0][549.0, 501.0, 639.0, 591.0][Nouvelle combi[2.22704801883242
[549.0, 321.0, 639.0, 411.0][819.0, 411.0, 909.0, 501.0][729.0, 321.0, 819.0, 411.0][639.0, 591.0, 729.0, 681.0][Nouvelle combi[2.17537872789444
[549.0, 321.0, 639.0, 411.0][819.0, 411.0, 909.0, 501.0][729.0, 321.0, 819.0, 411.0][639.0, 591.0, 729.0, 681.0][Combi déjà faite[1.9457612752728437
[549.0, 321.0, 639.0, 411.0][819.0, 411.0, 909.0, 501.0][909.0, 501.0, 999.0, 591.0][639.0, 591.0, 729.0, 681.0][Nouvelle combi[3.271790135967194
[549.0, 321.0, 639.0, 411.0][999.0, 591.0, 1089.0, 681.0][729.0, 321.0, 819.0, 411.0][639.0, 591.0, 729.0, 681.0][Nouvelle combi[2.4593103923607487
[549.0, 321.0, 639.0, 411.0][999.0, 591.0, 1089.0, 681.0][639.0, 591.0, 729.0, 681.0][549.0, 501.0, 639.0, 591.0][Nouvelle combi[3.241293340477114
[549.0, 321.0, 639.0, 411.0][459.0, 411.0, 549.0, 501.0][909.0, 501.0, 999.0, 591.0][999.0, 591.0, 1089.0, 681.0][Nouvelle combi[4.4724385867170895
[459.0, 411.0, 549.0, 501.0][549.0, 501.0, 639.0, 591.0][819.0, 411.0, 909.0, 501.0][909.0, 501.0, 999.0, 591.0][Nouvelle combi[3.6304126109434947
[459.0, 411.0, 549.0, 501.0][549.0, 501.0, 639.0, 591.0][729.0, 321.0, 819.0, 411.0][639.0, 591.0, 729.0, 681.0][Nouvelle combi[2.7608588628850157
[459.0, 411.0, 549.0, 501.0][549.0, 501.0, 639.0, 591.0][549.0, 321.0, 639.0, 411.0][639.0, 591.0, 729.0, 681.0][Combi déjà faite[2.184741592006958
[549.0, 501.0, 639.0, 591.0][639.0, 591.0, 729.0, 681.0][729.0, 321.0, 819.0, 411.0][819.0, 411.0, 909.0, 501.0][Nouvelle combi[2.9107040732683345
[909.0, 501.0, 999.0, 591.0][999.0, 591.0, 1089.0, 681.0][459.0, 411.0, 549.0, 501.0][549.0, 321.0, 639.0, 411.0][Combi déjà faite[3.0673131755379472
[729.0, 321.0, 819.0, 411.0][819.0, 411.0, 909.0, 501.0][279.0, 591.0, 369.0, 681.0][369.0, 501.0, 459.0, 591.0][Nouvelle combi[2.057252876100165
[549.0, 501.0, 639.0, 591.0][909.0, 501.0, 999.0, 591.0][819.0, 411.0, 909.0, 501.0][459.0, 411.0, 549.0, 501.0][Combi déjà faite[3.2239132521738156
[549.0, 321.0, 639.0, 411.0][729.0, 321.0, 819.0, 411.0][639.0, 591.0, 729.0, 681.0][999.0, 591.0, 1089.0, 681.0][Combi déjà faite[2.9407467152848312
[549.0, 321.0, 639.0, 411.0][729.0, 321.0, 819.0, 411.0][639.0, 591.0, 729.0, 681.0][279.0, 591.0, 369.0, 681.0][Nouvelle combi[1.9091664335044243
[549.0, 321.0, 639.0, 411.0][729.0, 321.0, 819.0, 411.0][909.0, 501.0, 999.0, 591.0][549.0, 501.0, 639.0, 591.0][Combi déjà faite[3.271618648928097
[549.0, 321.0, 639.0, 411.0][729.0, 321.0, 819.0, 411.0][369.0, 501.0, 459.0, 591.0][549.0, 501.0, 639.0, 591.0][Nouvelle combi[2.1450525989312155
[459.0, 411.0, 549.0, 501.0][819.0, 411.0, 909.0, 501.0][909.0, 501.0, 999.0, 591.0][549.0, 501.0, 639.0, 591.0][Combi déjà faite[2.4047118730570674
[459.0, 411.0, 549.0, 501.0][819.0, 411.0, 909.0, 501.0][369.0, 501.0, 459.0, 591.0][549.0, 501.0, 639.0, 591.0][Nouvelle combi[1.5336853056942346
[369.0, 501.0, 459.0, 591.0][909.0, 501.0, 999.0, 591.0][999.0, 591.0, 1089.0, 681.0][639.0, 591.0, 729.0, 681.0][Nouvelle combi[3.2522143571572997
[369.0, 501.0, 459.0, 591.0][909.0, 501.0, 999.0, 591.0][279.0, 591.0, 369.0, 681.0][639.0, 591.0, 729.0, 681.0][Nouvelle combi[1.988031599563783
[549.0, 501.0, 639.0, 591.0][909.0, 501.0, 999.0, 591.0][549.0, 321.0, 639.0, 411.0][729.0, 321.0, 819.0, 411.0][Combi déjà faite[2.5031417410118593
[549.0, 501.0, 639.0, 591.0][909.0, 501.0, 999.0, 591.0][819.0, 411.0, 909.0, 501.0][459.0, 411.0, 549.0, 501.0][Combi déjà faite[2.894247881642741
[549.0, 501.0, 639.0, 591.0][729.0, 321.0, 819.0, 411.0][639.0, 591.0, 729.0, 681.0][819.0, 411.0, 909.0, 501.0][Combi déjà faite[3.648029006745446
[459.0, 411.0, 549.0, 501.0][549.0, 321.0, 639.0, 411.0][909.0, 501.0, 999.0, 591.0][999.0, 591.0, 1089.0, 681.0][Combi déjà faite[3.970527203669917
[459.0, 411.0, 549.0, 501.0][369.0, 501.0, 459.0, 591.0][819.0, 411.0, 909.0, 501.0][909.0, 501.0, 999.0, 591.0][Combi déjà faite[2.5384475581968218
[279.0, 591.0, 369.0, 681.0][549.0, 321.0, 639.0, 411.0][729.0, 321.0, 819.0, 411.0][999.0, 591.0, 1089.0, 681.0][Nouvelle combi[2.7655694231225425
[369.0, 501.0, 459.0, 591.0][549.0, 321.0, 639.0, 411.0][819.0, 411.0, 909.0, 501.0][909.0, 501.0, 999.0, 591.0][Nouvelle combi[3.3309929591853233
[279.0, 591.0, 369.0, 681.0]
30 sec
[549.0, 321.0, 639.0, 411.0][819.0, 411.0, 909.0, 501.0][909.0, 501.0, 999.0, 591.0][Nouvelle combi[2.9451040450428536
[729.0, 321.0, 819.0, 411.0][999.0, 591.0, 1089.0, 681.0][459.0, 411.0, 549.0, 501.0][369.0, 501.0, 459.0, 591.0][Nouvelle combi[2.182545080988575
[819.0, 411.0, 909.0, 501.0][909.0, 501.0, 999.0, 591.0][549.0, 501.0, 639.0, 591.0][639.0, 591.0, 729.0, 681.0][Nouvelle combi[2.4092423308782145
[819.0, 411.0, 909.0, 501.0][459.0, 411.0, 549.0, 501.0][999.0, 591.0, 1089.0, 681.0][549.0, 501.0, 639.0, 591.0][Nouvelle combi[4.3137950245784396
[819.0, 411.0, 909.0, 501.0][549.0, 321.0, 639.0, 411.0][639.0, 591.0, 729.0, 681.0][909.0, 501.0, 999.0, 591.0][Combi déjà faite[3.397790442838641
[729.0, 321.0, 819.0, 411.0][549.0, 321.0, 639.0, 411.0][639.0, 591.0, 729.0, 681.0][369.0, 501.0, 459.0, 591.0][Nouvelle combi[3.0053723032842754
[909.0, 501.0, 999.0, 591.0][549.0, 501.0, 639.0, 591.0][639.0, 591.0, 729.0, 681.0][549.0, 321.0, 639.0, 411.0][Nouvelle combi[2.653038233404459
[909.0, 501.0, 999.0, 591.0][279.0, 591.0, 369.0, 681.0][729.0, 321.0, 819.0, 411.0][999.0, 591.0, 1089.0, 681.0][Nouvelle combi[3.0773221929664487
[999.0, 591.0, 1089.0, 681.0][279.0, 591.0, 369.0, 681.0][819.0, 411.0, 909.0, 501.0][459.0, 411.0, 549.0, 501.0][Combi déjà faite[3.7855054067647416
[999.0, 591.0, 1089.0, 681.0][279.0, 591.0, 369.0, 681.0][729.0, 321.0, 819.0, 411.0]

Bonnes réponses=[ 43.00
Erreurs couleur:[ 0.00
Erreurs répétition:[ 20.00
Erreurs même cercle:[ 0.00
Erreurs à côté:[ 0.00
Erreurs totales:[20
Nombre de réponses:[63
Taux de réussite=[ 68.25
RTmoy reussi sec=[ 2.651
RTmoy deja fait sec=[ 2.794
RTmoy tot sec=[ 2.696
RTmax sec=[ 4.472
RTmin sec=[ 1.534

