
TACHE SPATIALE DIFFICILE FORT GAIN

Coord distracteur bleu 1 [459.0, 591.0, 549.0, 681.0]
Coord distracteur bleu 2 [369.0, 501.0, 459.0, 591.0]
Coord distracteur bleu 3 [459.0, 411.0, 549.0, 501.0]
Coord distracteur rouge 1 [639.0, 591.0, 729.0, 681.0]
Coord distracteur rouge 2 [279.0, 591.0, 369.0, 681.0]

[Coord Cercle 1[Coord Cercle 2[Coord Cercle 3[Coord Cercle 4[Combi[RT
[909.0, 501.0, 999.0, 591.0][819.0, 591.0, 909.0, 681.0][729.0, 501.0, 819.0, 591.0][819.0, 411.0, 909.0, 501.0][Nouvelle combi[4.8661156923076305
[999.0, 591.0, 1089.0, 681.0][909.0, 501.0, 999.0, 591.0][819.0, 411.0, 909.0, 501.0][729.0, 321.0, 819.0, 411.0][Nouvelle combi[2.789882666666699
[729.0, 321.0, 819.0, 411.0][639.0, 231.0, 729.0, 321.0][549.0, 321.0, 639.0, 411.0][639.0, 411.0, 729.0, 501.0][Nouvelle combi[2.8487983589743635
[549.0, 501.0, 639.0, 591.0][639.0, 411.0, 729.0, 501.0][729.0, 321.0, 819.0, 411.0][819.0, 411.0, 909.0, 501.0][Nouvelle combi[2.667295589743617
[999.0, 591.0, 1089.0, 681.0][909.0, 501.0, 999.0, 591.0][819.0, 411.0, 909.0, 501.0][729.0, 321.0, 819.0, 411.0][Combi déjà faite[2.7340274871794463
[819.0, 591.0, 909.0, 681.0][729.0, 501.0, 819.0, 591.0][639.0, 411.0, 729.0, 501.0][549.0, 321.0, 639.0, 411.0][Nouvelle combi[2.186860717948548
[639.0, 231.0, 729.0, 321.0][729.0, 321.0, 819.0, 411.0][819.0, 411.0, 909.0, 501.0][909.0, 501.0, 999.0, 591.0][Nouvelle combi[2.319682461538605
[549.0, 321.0, 639.0, 411.0][639.0, 411.0, 729.0, 501.0][729.0, 501.0, 819.0, 591.0][819.0, 591.0, 909.0, 681.0][Combi déjà faite[2.229417025641169
[729.0, 501.0, 819.0, 591.0][639.0, 411.0, 729.0, 501.0][549.0, 501.0, 639.0, 591.0][819.0, 591.0, 909.0, 681.0][Nouvelle combi[2.5889292307692813
[999.0, 591.0, 1089.0, 681.0][909.0, 501.0, 999.0, 591.0][819.0, 591.0, 909.0, 681.0][729.0, 501.0, 819.0, 591.0][Nouvelle combi[2.6348861538463098
[819.0, 411.0, 909.0, 501.0][729.0, 321.0, 819.0, 411.0][639.0, 231.0, 729.0, 321.0][549.0, 321.0, 639.0, 411.0][Nouvelle combi[2.0363044102564345
[549.0, 501.0, 639.0, 591.0][639.0, 411.0, 729.0, 501.0][729.0, 321.0, 819.0, 411.0][819.0, 411.0, 909.0, 501.0][Combi déjà faite[1.9590457435897406
[729.0, 501.0, 819.0, 591.0][819.0, 591.0, 909.0, 681.0][909.0, 501.0, 999.0, 591.0][819.0, 411.0, 909.0, 501.0][Combi déjà faite[1.8063433846152748
[999.0, 591.0, 1089.0, 681.0][909.0, 501.0, 999.0, 591.0][819.0, 411.0, 909.0, 501.0][729.0, 321.0, 819.0, 411.0][Combi déjà faite[1.786239179487211
[819.0, 411.0, 909.0, 501.0][639.0, 411.0, 729.0, 501.0][729.0, 321.0, 819.0, 411.0][639.0, 231.0, 729.0, 321.0][Nouvelle combi[2.8442317948718028
[549.0, 321.0, 639.0, 411.0][639.0, 411.0, 729.0, 501.0][729.0, 321.0, 819.0, 411.0][819.0, 411.0, 909.0, 501.0][Nouvelle combi[2.244819692307601
[909.0, 501.0, 999.0, 591.0][819.0, 591.0, 909.0, 681.0][729.0, 501.0, 819.0, 591.0][819.0, 411.0, 909.0, 501.0][Combi déjà faite[2.319689025640855
[999.0, 591.0, 1089.0, 681.0][909.0, 501.0, 999.0, 591.0][819.0, 591.0, 909.0, 681.0][819.0, 411.0, 909.0, 501.0][Nouvelle combi[1.7991277948717652
[729.0, 321.0, 819.0, 411.0][639.0, 231.0, 729.0, 321.0][549.0, 321.0, 639.0, 411.0][639.0, 411.0, 729.0, 501.0][Combi déjà faite[2.435969641025622
[549.0, 501.0, 639.0, 591.0][639.0, 411.0, 729.0, 501.0][729.0, 501.0, 819.0, 591.0][819.0, 411.0, 909.0, 501.0][Nouvelle combi[2.563685743589758
[999.0, 591.0, 1089.0, 681.0][909.0, 501.0, 999.0, 591.0][819.0, 591.0, 909.0, 681.0][729.0, 501.0, 819.0, 591.0][Combi déjà faite[2.5641382564101605
[819.0, 411.0, 909.0, 501.0][729.0, 321.0, 819.0, 411.0][639.0, 411.0, 729.0, 501.0][549.0, 501.0, 639.0, 591.0][Combi déjà faite[3.1177710769231908
[549.0, 321.0, 639.0, 411.0][819.0, 411.0, 909.0, 501.0][549.0, 501.0, 639.0, 591.0][909.0, 501.0, 999.0, 591.0][Nouvelle combi[3.0779044102564512
[639.0, 231.0, 729.0, 321.0][819.0, 411.0, 909.0, 501.0][549.0, 321.0, 639.0, 411.0][729.0, 501.0, 819.0, 591.0][Nouvelle combi[2.7561645128205328
[909.0, 501.0, 999.0, 591.0][819.0, 591.0, 909.0, 681.0][729.0, 321.0, 819.0, 411.0][639.0, 411.0, 729.0, 501.0][Nouvelle combi[2.6806785641026636
[819.0, 411.0, 909.0, 501.0][729.0, 501.0, 819.0, 591.0][999.0, 591.0, 1089.0, 681.0][819.0, 591.0, 909.0, 681.0][Nouvelle combi[2.6354166153846563
[639.0, 411.0, 729.0, 501.0][819.0, 411.0, 909.0, 501.0][639.0, 231.0, 729.0, 321.0][549.0, 321.0, 639.0, 411.0][Nouvelle combi[3.914473025640973
[999.0, 591.0, 1089.0, 681.0][909.0, 501.0, 999.0, 591.0][819.0, 411.0, 909.0, 501.0][729.0, 501.0, 819.0, 591.0][Nouvelle combi[2.9811897435897663
[819.0, 591.0, 909.0, 681.0][729.0, 501.0, 819.0, 591.0][639.0, 231.0, 729.0, 321.0][549.0, 321.0, 639.0, 411.0][Nouvelle combi[3.7617571282053177
[819.0, 411.0, 909.0, 501.0][639.0, 231.0, 729.0, 321.0][999.0, 591.0, 1089.0, 681.0][549.0, 501.0, 639.0, 591.0][Nouvelle combi[5.143042461538471
[819.0, 411.0, 909.0, 501.0][819.0, 591.0, 909.0, 681.0][999.0, 591.0, 1089.0, 681.0][639.0, 231.0, 729.0, 321.0][Nouvelle combi[4.178846769230859
[729.0, 321.0, 819.0, 411.0][729.0, 501.0, 819.0, 591.0][549.0, 321.0, 639.0, 411.0][999.0, 591.0, 1089.0, 681.0][Nouvelle combi[4.50301005128199
[909.0, 501.0, 999.0, 591.0][819.0, 411.0, 909.0, 501.0][639.0, 231.0, 729.0, 321.0][549.0, 321.0, 639.0, 411.0][Nouvelle combi[3.5820980512821734
[639.0, 411.0, 729.0, 501.0][729.0, 501.0, 819.0, 591.0][549.0, 501.0, 639.0, 591.0][729.0, 321.0, 819.0, 411.0][Nouvelle combi[2.917975794871836
[729.0, 501.0, 819.0, 591.0][549.0, 501.0, 639.0, 591.0][549.0, 321.0, 639.0, 411.0][999.0, 591.0, 1089.0, 681.0][Nouvelle combi[6.5901759999999285
[729.0, 321.0, 819.0, 411.0][639.0, 411.0, 729.0, 501.0][819.0, 411.0, 909.0, 501.0][819.0, 591.0, 909.0, 681.0][Nouvelle combi[4.104420512820525
[639.0, 231.0, 729.0, 321.0][549.0, 321.0, 639.0, 411.0][549.0, 501.0, 639.0, 591.0][639.0, 411.0, 729.0, 501.0][Nouvelle combi[3.0647429743589782
[909.0, 501.0, 999.0, 591.0][729.0, 501.0, 819.0, 591.0][729.0, 321.0, 819.0, 411.0][549.0, 321.0, 639.0, 411.0][Nouvelle combi[6.178477948717955
[639.0, 411.0, 729.0, 501.0][819.0, 411.0, 909.0, 501.0][999.0, 591.0, 1089.0, 681.0][819.0, 591.0, 909.0, 681.0][Nouvelle combi[2.464259692307678
[909.0, 501.0, 999.0, 591.0][729.0, 501.0, 819.0, 591.0][729.0, 321.0, 819.0, 411.0][549.0, 321.0, 639.0, 411.0][Combi déjà faite[2.670917333333364
[549.0, 501.0, 639.0, 591.0][549.0, 321.0, 639.0, 411.0][729.0, 321.0, 819.0, 411.0][729.0, 501.0, 819.0, 591.0][Nouvelle combi[2.5266699487181086
[639.0, 411.0, 729.0, 501.0][819.0, 591.0, 909.0, 681.0][819.0, 411.0, 909.0, 501.0][999.0, 591.0, 1089.0, 681.0][Combi déjà faite[2.4916274871793576
[909.0, 501.0, 999.0, 591.0][729.0, 501.0, 819.0, 591.0][729.0, 321.0, 819.0, 411.0][549.0, 321.0, 639.0, 411.0][Combi déjà faite[2.6398699487181148
[639.0, 231.0, 729.0, 321.0][729.0, 321.0, 819.0, 411.0][639.0, 411.0, 729.0, 501.0][909.0, 501.0, 999.0, 591.0][Nouvelle combi[3.409946666666656
[819.0, 591.0, 909.0, 681.0][729.0, 501.0, 819.0, 591.0][819.0, 411.0, 909.0, 501.0][639.0, 411.0, 729.0, 501.0][Nouvelle combi[2.761270974358922
[909.0, 501.0, 999.0, 591.0][999.0, 591.0, 1089.0, 681.0][729.0, 321.0, 819.0, 411.0][639.0, 231.0, 729.0, 321.0][Nouvelle combi[3.0478166153845905
[639.0, 411.0, 729.0, 501.0][639.0, 231.0, 729.0, 321.0][819.0, 591.0, 909.0, 681.0][819.0, 411.0, 909.0, 501.0][Nouvelle combi[3.0842756923075285

30 sec
[729.0, 501.0, 819.0, 591.0][909.0, 501.0, 999.0, 591.0][729.0, 321.0, 819.0, 411.0][549.0, 321.0, 639.0, 411.0][Combi déjà faite[3.6672746666665716
[819.0, 411.0, 909.0, 501.0][639.0, 411.0, 729.0, 501.0][999.0, 591.0, 1089.0, 681.0][819.0, 591.0, 909.0, 681.0][Combi déjà faite[2.2687023589744513
[909.0, 501.0, 999.0, 591.0][729.0, 501.0, 819.0, 591.0][729.0, 321.0, 819.0, 411.0][549.0, 321.0, 639.0, 411.0][Combi déjà faite[1.8982564102564083
[639.0, 231.0, 729.0, 321.0][639.0, 411.0, 729.0, 501.0][819.0, 411.0, 909.0, 501.0][819.0, 591.0, 909.0, 681.0][Combi déjà faite[1.8216664615383706
[729.0, 501.0, 819.0, 591.0][909.0, 501.0, 999.0, 591.0][999.0, 591.0, 1089.0, 681.0][549.0, 501.0, 639.0, 591.0][Nouvelle combi[1.7058756923076999
[639.0, 411.0, 729.0, 501.0][549.0, 321.0, 639.0, 411.0][639.0, 231.0, 729.0, 321.0][729.0, 321.0, 819.0, 411.0][Combi déjà faite[1.761283692307643
[729.0, 501.0, 819.0, 591.0][819.0, 411.0, 909.0, 501.0][549.0, 501.0, 639.0, 591.0][819.0, 591.0, 909.0, 681.0][Nouvelle combi[2.9628988717947777
[909.0, 501.0, 999.0, 591.0][999.0, 591.0, 1089.0, 681.0][729.0, 321.0, 819.0, 411.0][639.0, 411.0, 729.0, 501.0][Nouvelle combi[2.6210059487179933
[639.0, 231.0, 729.0, 321.0][549.0, 321.0, 639.0, 411.0][729.0, 321.0, 819.0, 411.0][639.0, 411.0, 729.0, 501.0][Combi déjà faite[2.6252004102564115
[549.0, 501.0, 639.0, 591.0][639.0, 411.0, 729.0, 501.0][729.0, 501.0, 819.0, 591.0][819.0, 411.0, 909.0, 501.0][Combi déjà faite[2.272258461538513
[909.0, 501.0, 999.0, 591.0][819.0, 591.0, 909.0, 681.0][729.0, 501.0, 819.0, 591.0][639.0, 231.0, 729.0, 321.0][Nouvelle combi[2.1978966153844794
[549.0, 321.0, 639.0, 411.0][729.0, 321.0, 819.0, 411.0][639.0, 231.0, 729.0, 321.0]

Bonnes réponses=[ 39.00
Erreurs couleur:[ 0.00
Erreurs répétition:[ 19.00
Erreurs même cercle:[ 0.00
Erreurs à côté:[ 0.00
Erreurs totales:[19
Nombre de réponses:[58
Taux de réussite=[ 67.24
RTmoy reussi sec=[ 3.160
RTmoy deja fait sec=[ 2.372
RTmoy tot sec=[ 2.902
RTmax sec=[ 6.590
RTmin sec=[ 1.706

