
TACHE SPATIALE DIFFICILE FAIBLE GAIN

Coord distracteur bleu 1 [279.0, 591.0, 369.0, 681.0]
Coord distracteur bleu 2 [999.0, 591.0, 1089.0, 681.0]
Coord distracteur bleu 3 [459.0, 411.0, 549.0, 501.0]
Coord distracteur rouge 1 [729.0, 321.0, 819.0, 411.0]
Coord distracteur rouge 2 [819.0, 411.0, 909.0, 501.0]

[Coord Cercle 1[Coord Cercle 2[Coord Cercle 3[Coord Cercle 4[Combi[RT
[639.0, 411.0, 729.0, 501.0][729.0, 501.0, 819.0, 591.0][639.0, 591.0, 729.0, 681.0][549.0, 501.0, 639.0, 591.0][Nouvelle combi[6.4822880000000005
[909.0, 501.0, 999.0, 591.0][819.0, 591.0, 909.0, 681.0][729.0, 501.0, 819.0, 591.0][639.0, 591.0, 729.0, 681.0][Nouvelle combi[5.8690974358974355
[639.0, 411.0, 729.0, 501.0][729.0, 501.0, 819.0, 591.0][639.0, 591.0, 729.0, 681.0][549.0, 501.0, 639.0, 591.0][Combi déjà faite[3.09883282051282
[729.0, 501.0, 819.0, 591.0][639.0, 411.0, 729.0, 501.0][549.0, 501.0, 639.0, 591.0][639.0, 591.0, 729.0, 681.0][Combi déjà faite[6.125968820512822
[729.0, 501.0, 819.0, 591.0][639.0, 411.0, 729.0, 501.0][549.0, 501.0, 639.0, 591.0][639.0, 591.0, 729.0, 681.0][Combi déjà faite[3.9094047179487177
[639.0, 411.0, 729.0, 501.0][729.0, 501.0, 819.0, 591.0][639.0, 591.0, 729.0, 681.0][549.0, 501.0, 639.0, 591.0][Combi déjà faite[2.500772923076923
[639.0, 411.0, 729.0, 501.0][729.0, 501.0, 819.0, 591.0][639.0, 591.0, 729.0, 681.0][549.0, 501.0, 639.0, 591.0][Combi déjà faite[2.377874051282049
[909.0, 501.0, 999.0, 591.0][819.0, 591.0, 909.0, 681.0][729.0, 501.0, 819.0, 591.0][639.0, 591.0, 729.0, 681.0][Combi déjà faite[2.8338621538461517
[639.0, 231.0, 729.0, 321.0][549.0, 321.0, 639.0, 411.0][639.0, 411.0, 729.0, 501.0][549.0, 501.0, 639.0, 591.0][Nouvelle combi[8.707718564102564
[459.0, 591.0, 549.0, 681.0][369.0, 501.0, 459.0, 591.0][549.0, 501.0, 639.0, 591.0][639.0, 411.0, 729.0, 501.0][Nouvelle combi[2.676209641025636
[459.0, 591.0, 549.0, 681.0][549.0, 501.0, 639.0, 591.0][639.0, 591.0, 729.0, 681.0][729.0, 501.0, 819.0, 591.0][Nouvelle combi[1.9340955897435919
[459.0, 591.0, 549.0, 681.0][549.0, 501.0, 639.0, 591.0][639.0, 411.0, 729.0, 501.0][729.0, 501.0, 819.0, 591.0][Nouvelle combi[14.710282666666664
[639.0, 591.0, 729.0, 681.0][729.0, 501.0, 819.0, 591.0][819.0, 591.0, 909.0, 681.0][909.0, 501.0, 999.0, 591.0][Combi déjà faite[3.1442445128205065
[639.0, 231.0, 729.0, 321.0][549.0, 321.0, 639.0, 411.0][639.0, 411.0, 729.0, 501.0][729.0, 501.0, 819.0, 591.0][Nouvelle combi[2.149540102564103
[369.0, 501.0, 459.0, 591.0][459.0, 591.0, 549.0, 681.0][549.0, 501.0, 639.0, 591.0][639.0, 411.0, 729.0, 501.0][Combi déjà faite[2.6360225641025608
[639.0, 231.0, 729.0, 321.0][549.0, 321.0, 639.0, 411.0][639.0, 411.0, 729.0, 501.0][729.0, 501.0, 819.0, 591.0][Combi déjà faite[1.9688795897435938
[909.0, 501.0, 999.0, 591.0][819.0, 591.0, 909.0, 681.0][729.0, 501.0, 819.0, 591.0][639.0, 591.0, 729.0, 681.0][Combi déjà faite[2.1453226666666723
[639.0, 231.0, 729.0, 321.0][549.0, 321.0, 639.0, 411.0][639.0, 411.0, 729.0, 501.0][549.0, 501.0, 639.0, 591.0][Combi déjà faite[3.095670974358967
[369.0, 501.0, 459.0, 591.0][459.0, 591.0, 549.0, 681.0][549.0, 501.0, 639.0, 591.0][639.0, 411.0, 729.0, 501.0][Combi déjà faite[2.676634256410267
[549.0, 321.0, 639.0, 411.0][639.0, 411.0, 729.0, 501.0][729.0, 501.0, 819.0, 591.0][819.0, 591.0, 909.0, 681.0][Nouvelle combi[1.8958006153846156
[459.0, 591.0, 549.0, 681.0][549.0, 501.0, 639.0, 591.0][639.0, 411.0, 729.0, 501.0][549.0, 321.0, 639.0, 411.0][Nouvelle combi[2.109389948717947
[639.0, 231.0, 729.0, 321.0][549.0, 321.0, 639.0, 411.0][639.0, 411.0, 729.0, 501.0][729.0, 501.0, 819.0, 591.0][Combi déjà faite[1.9889739487179554
[909.0, 501.0, 999.0, 591.0][819.0, 591.0, 909.0, 681.0][729.0, 501.0, 819.0, 591.0][639.0, 411.0, 729.0, 501.0][Nouvelle combi[1.6962453333333372
[729.0, 501.0, 819.0, 591.0][639.0, 591.0, 729.0, 681.0][639.0, 411.0, 729.0, 501.0][549.0, 501.0, 639.0, 591.0][Combi déjà faite[2.44594871794871
[369.0, 501.0, 459.0, 591.0][459.0, 591.0, 549.0, 681.0][549.0, 501.0, 639.0, 591.0][639.0, 411.0, 729.0, 501.0][Combi déjà faite[2.731887999999998
[639.0, 231.0, 729.0, 321.0][549.0, 321.0, 639.0, 411.0][639.0, 411.0, 729.0, 501.0][729.0, 501.0, 819.0, 591.0][Combi déjà faite[2.5816927179487124
[909.0, 501.0, 999.0, 591.0][819.0, 591.0, 909.0, 681.0][729.0, 501.0, 819.0, 591.0][639.0, 591.0, 729.0, 681.0][Combi déjà faite[1.9237124102564138
[819.0, 591.0, 909.0, 681.0][729.0, 501.0, 819.0, 591.0][639.0, 411.0, 729.0, 501.0][549.0, 321.0, 639.0, 411.0][Combi déjà faite[2.2488365128205174
[459.0, 591.0, 549.0, 681.0][549.0, 501.0, 639.0, 591.0][639.0, 411.0, 729.0, 501.0][549.0, 321.0, 639.0, 411.0][Combi déjà faite[2.2628278974358977
[819.0, 591.0, 909.0, 681.0][729.0, 501.0, 819.0, 591.0][639.0, 411.0, 729.0, 501.0][549.0, 321.0, 639.0, 411.0][Combi déjà faite[1.9056135384615374
[909.0, 501.0, 999.0, 591.0][819.0, 591.0, 909.0, 681.0][729.0, 501.0, 819.0, 591.0][639.0, 591.0, 729.0, 681.0][Combi déjà faite[1.8388709743589686
[459.0, 591.0, 549.0, 681.0][549.0, 501.0, 639.0, 591.0][639.0, 591.0, 729.0, 681.0][369.0, 501.0, 459.0, 591.0][Nouvelle combi[1.9210699487179426
[549.0, 321.0, 639.0, 411.0][639.0, 411.0, 729.0, 501.0][729.0, 501.0, 819.0, 591.0][819.0, 591.0, 909.0, 681.0][Combi déjà faite[2.2182695384615414
[909.0, 501.0, 999.0, 591.0][819.0, 591.0, 909.0, 681.0][729.0, 501.0, 819.0, 591.0][639.0, 411.0, 729.0, 501.0][Combi déjà faite[2.292231794871796
[639.0, 231.0, 729.0, 321.0][549.0, 321.0, 639.0, 411.0][639.0, 411.0, 729.0, 501.0][549.0, 501.0, 639.0, 591.0][Combi déjà faite[2.0838276923076933
[459.0, 591.0, 549.0, 681.0][549.0, 501.0, 639.0, 591.0][639.0, 591.0, 729.0, 681.0][729.0, 501.0, 819.0, 591.0][Combi déjà faite[1.783290666666673
[369.0, 501.0, 459.0, 591.0][549.0, 501.0, 639.0, 591.0][459.0, 591.0, 549.0, 681.0][639.0, 411.0, 729.0, 501.0][Combi déjà faite[2.521572512820512
[369.0, 501.0, 459.0, 591.0][639.0, 231.0, 729.0, 321.0][639.0, 591.0, 729.0, 681.0][909.0, 501.0, 999.0, 591.0][Nouvelle combi[3.7683204102564076
[459.0, 591.0, 549.0, 681.0][549.0, 501.0, 639.0, 591.0][639.0, 411.0, 729.0, 501.0][549.0, 321.0, 639.0, 411.0][Combi déjà faite[4.923234051282051
[549.0, 321.0, 639.0, 411.0][639.0, 411.0, 729.0, 501.0][729.0, 501.0, 819.0, 591.0][819.0, 591.0, 909.0, 681.0][Combi déjà faite[2.193106051282058
[369.0, 501.0, 459.0, 591.0][459.0, 591.0, 549.0, 681.0][549.0, 501.0, 639.0, 591.0][639.0, 591.0, 729.0, 681.0][Combi déjà faite[5.443180307692302
[909.0, 501.0, 999.0, 591.0][819.0, 591.0, 909.0, 681.0][729.0, 501.0, 819.0, 591.0][639.0, 591.0, 729.0, 681.0][Combi déjà faite[2.3635519999999985
[639.0, 411.0, 729.0, 501.0][729.0, 501.0, 819.0, 591.0][639.0, 591.0, 729.0, 681.0][549.0, 501.0, 639.0, 591.0][Combi déjà faite[1.7192422564102685
[639.0, 231.0, 729.0, 321.0][549.0, 321.0, 639.0, 411.0][639.0, 411.0, 729.0, 501.0][549.0, 501.0, 639.0, 591.0][Combi déjà faite[3.0589021538461623
[639.0, 591.0, 729.0, 681.0][729.0, 501.0, 819.0, 591.0][819.0, 591.0, 909.0, 681.0][909.0, 501.0, 999.0, 591.0][Combi déjà faite[2.466143179487176

30 sec
[729.0, 501.0, 819.0, 591.0][639.0, 411.0, 729.0, 501.0][549.0, 321.0, 639.0, 411.0][819.0, 591.0, 909.0, 681.0][Combi déjà faite[7.35333210256411
[639.0, 231.0, 729.0, 321.0][549.0, 321.0, 639.0, 411.0][639.0, 411.0, 729.0, 501.0][549.0, 501.0, 639.0, 591.0][Combi déjà faite[1.9573357948717955
[729.0, 501.0, 819.0, 591.0][639.0, 591.0, 729.0, 681.0][819.0, 591.0, 909.0, 681.0][909.0, 501.0, 999.0, 591.0][Combi déjà faite[1.4353509743589825
[639.0, 411.0, 729.0, 501.0][549.0, 501.0, 639.0, 591.0][459.0, 591.0, 549.0, 681.0][369.0, 501.0, 459.0, 591.0][Combi déjà faite[1.5185357948718092
[459.0, 591.0, 549.0, 681.0][549.0, 501.0, 639.0, 591.0][639.0, 411.0, 729.0, 501.0][729.0, 501.0, 819.0, 591.0][Combi déjà faite[1.436438974358964
[729.0, 501.0, 819.0, 591.0][639.0, 411.0, 729.0, 501.0][549.0, 501.0, 639.0, 591.0][639.0, 591.0, 729.0, 681.0][Combi déjà faite[2.1297366153846156
[909.0, 501.0, 999.0, 591.0][819.0, 591.0, 909.0, 681.0][729.0, 501.0, 819.0, 591.0][639.0, 411.0, 729.0, 501.0][Combi déjà faite[1.6744164102564127
[639.0, 231.0, 729.0, 321.0][549.0, 321.0, 639.0, 411.0][639.0, 411.0, 729.0, 501.0][549.0, 501.0, 639.0, 591.0][Combi déjà faite[1.7989858461538404
[369.0, 501.0, 459.0, 591.0][459.0, 591.0, 549.0, 681.0][549.0, 501.0, 639.0, 591.0][639.0, 411.0, 729.0, 501.0][Combi déjà faite[1.940623589743609
[639.0, 231.0, 729.0, 321.0][549.0, 321.0, 639.0, 411.0][639.0, 411.0, 729.0, 501.0][729.0, 501.0, 819.0, 591.0][Combi déjà faite[1.6345517948717827
[549.0, 501.0, 639.0, 591.0][639.0, 411.0, 729.0, 501.0][729.0, 501.0, 819.0, 591.0][639.0, 591.0, 729.0, 681.0][Combi déjà faite[2.598025435897455
[909.0, 501.0, 999.0, 591.0][819.0, 591.0, 909.0, 681.0][729.0, 501.0, 819.0, 591.0][639.0, 591.0, 729.0, 681.0][Combi déjà faite[1.5255975384615397
[639.0, 231.0, 729.0, 321.0][549.0, 321.0, 639.0, 411.0]

Bonnes réponses=[ 12.00
Erreurs couleur:[ 0.00
Erreurs répétition:[ 45.00
Erreurs même cercle:[ 0.00
Erreurs à côté:[ 0.00
Erreurs totales:[45
Nombre de réponses:[57
Taux de réussite=[ 21.05
RTmoy reussi sec=[ 4.493
RTmoy deja fait sec=[ 2.589
RTmoy tot sec=[ 2.990
RTmax sec=[ 14.710
RTmin sec=[ 1.696

