
TACHE SPATIALE DIFFICILE FORT GAIN

Coord distracteur bleu 1 [549.0, 501.0, 639.0, 591.0]
Coord distracteur bleu 2 [909.0, 501.0, 999.0, 591.0]
Coord distracteur bleu 3 [639.0, 591.0, 729.0, 681.0]
Coord distracteur rouge 1 [729.0, 321.0, 819.0, 411.0]
Coord distracteur rouge 2 [999.0, 591.0, 1089.0, 681.0]

[Coord Cercle 1[Coord Cercle 2[Coord Cercle 3[Coord Cercle 4[Combi[RT
[819.0, 591.0, 909.0, 681.0][729.0, 501.0, 819.0, 591.0][819.0, 411.0, 909.0, 501.0][639.0, 411.0, 729.0, 501.0][Nouvelle combi[2.999638563806002
[459.0, 591.0, 549.0, 681.0][369.0, 501.0, 459.0, 591.0][279.0, 591.0, 369.0, 681.0][459.0, 411.0, 549.0, 501.0][Nouvelle combi[2.0757186262306675
[819.0, 591.0, 909.0, 681.0][729.0, 501.0, 819.0, 591.0][639.0, 411.0, 729.0, 501.0][549.0, 321.0, 639.0, 411.0][Nouvelle combi[1.6127939387027368
[819.0, 411.0, 909.0, 501.0][639.0, 231.0, 729.0, 321.0][549.0, 321.0, 639.0, 411.0][639.0, 411.0, 729.0, 501.0][Nouvelle combi[1.522018069348178
[819.0, 591.0, 909.0, 681.0][729.0, 501.0, 819.0, 591.0][819.0, 411.0, 909.0, 501.0][639.0, 411.0, 729.0, 501.0][Combi déjà faite[1.595012180522815
[639.0, 231.0, 729.0, 321.0][549.0, 321.0, 639.0, 411.0][459.0, 411.0, 549.0, 501.0][369.0, 501.0, 459.0, 591.0][Nouvelle combi[1.8805311840255854
[459.0, 591.0, 549.0, 681.0][279.0, 591.0, 369.0, 681.0][819.0, 591.0, 909.0, 681.0][729.0, 501.0, 819.0, 591.0][Nouvelle combi[1.7552252350565993
[819.0, 411.0, 909.0, 501.0][639.0, 411.0, 729.0, 501.0][639.0, 231.0, 729.0, 321.0][549.0, 321.0, 639.0, 411.0][Combi déjà faite[1.7377031693974914
[729.0, 501.0, 819.0, 591.0][819.0, 591.0, 909.0, 681.0][459.0, 591.0, 549.0, 681.0][459.0, 411.0, 549.0, 501.0][Nouvelle combi[1.9378990259684201
[639.0, 231.0, 729.0, 321.0][549.0, 321.0, 639.0, 411.0][459.0, 411.0, 549.0, 501.0][369.0, 501.0, 459.0, 591.0][Combi déjà faite[2.262349343466127
[819.0, 591.0, 909.0, 681.0][729.0, 501.0, 819.0, 591.0][639.0, 411.0, 729.0, 501.0][549.0, 321.0, 639.0, 411.0][Combi déjà faite[1.5108254447798686
[819.0, 411.0, 909.0, 501.0][459.0, 591.0, 549.0, 681.0][459.0, 411.0, 549.0, 501.0][369.0, 501.0, 459.0, 591.0][Nouvelle combi[2.3912155004845204
[819.0, 591.0, 909.0, 681.0][729.0, 501.0, 819.0, 591.0][639.0, 411.0, 729.0, 501.0][549.0, 321.0, 639.0, 411.0][Combi déjà faite[1.495076098523981
[459.0, 591.0, 549.0, 681.0][279.0, 591.0, 369.0, 681.0][369.0, 501.0, 459.0, 591.0][459.0, 411.0, 549.0, 501.0][Combi déjà faite[1.540851725827082
[549.0, 321.0, 639.0, 411.0][639.0, 411.0, 729.0, 501.0][639.0, 231.0, 729.0, 321.0][819.0, 411.0, 909.0, 501.0][Combi déjà faite[1.7523444121800367
[729.0, 501.0, 819.0, 591.0][819.0, 591.0, 909.0, 681.0][819.0, 411.0, 909.0, 501.0][729.0, 501.0, 819.0, 591.0][Meme cercle
[639.0, 411.0, 729.0, 501.0][549.0, 321.0, 639.0, 411.0][639.0, 231.0, 729.0, 321.0][819.0, 411.0, 909.0, 501.0][Combi déjà faite[9.681941072361894
[729.0, 501.0, 819.0, 591.0][819.0, 591.0, 909.0, 681.0][819.0, 411.0, 909.0, 501.0][639.0, 411.0, 729.0, 501.0][Combi déjà faite[1.9360278449458974
[639.0, 231.0, 729.0, 321.0][549.0, 321.0, 639.0, 411.0][639.0, 411.0, 729.0, 501.0][459.0, 411.0, 549.0, 501.0][Nouvelle combi[1.4761058265483769
[819.0, 591.0, 909.0, 681.0][819.0, 411.0, 909.0, 501.0][729.0, 501.0, 819.0, 591.0][459.0, 591.0, 549.0, 681.0][Nouvelle combi[1.6580944886929103
[639.0, 411.0, 729.0, 501.0][639.0, 231.0, 729.0, 321.0][549.0, 321.0, 639.0, 411.0][459.0, 411.0, 549.0, 501.0][Combi déjà faite[1.517996732715261
[369.0, 501.0, 459.0, 591.0][819.0, 591.0, 909.0, 681.0][729.0, 501.0, 819.0, 591.0][819.0, 411.0, 909.0, 501.0][Nouvelle combi[1.5607598447260216
[639.0, 411.0, 729.0, 501.0][459.0, 591.0, 549.0, 681.0][369.0, 501.0, 459.0, 591.0][279.0, 591.0, 369.0, 681.0][Nouvelle combi[1.677936145998899
[459.0, 411.0, 549.0, 501.0][549.0, 321.0, 639.0, 411.0][639.0, 231.0, 729.0, 321.0][639.0, 411.0, 729.0, 501.0][Combi déjà faite[1.3910157054488081
[716, 505[[[[A cote
[729.0, 501.0, 819.0, 591.0][819.0, 411.0, 909.0, 501.0][819.0, 591.0, 909.0, 681.0][639.0, 411.0, 729.0, 501.0][Combi déjà faite[3.1213986637117443
[639.0, 231.0, 729.0, 321.0][549.0, 321.0, 639.0, 411.0][639.0, 411.0, 729.0, 501.0][729.0, 501.0, 819.0, 591.0][Nouvelle combi[1.6824522522684902
[819.0, 411.0, 909.0, 501.0][859, 597[[[A cote
[729.0, 501.0, 819.0, 591.0][639.0, 411.0, 729.0, 501.0][639.0, 231.0, 729.0, 321.0][819.0, 591.0, 909.0, 681.0][Nouvelle combi[15.780590589202575
[819.0, 411.0, 909.0, 501.0][639.0, 411.0, 729.0, 501.0][549.0, 321.0, 639.0, 411.0][639.0, 231.0, 729.0, 321.0][Combi déjà faite[1.9459490838556803
[459.0, 411.0, 549.0, 501.0][459.0, 591.0, 549.0, 681.0][369.0, 501.0, 459.0, 591.0][279.0, 591.0, 369.0, 681.0][Combi déjà faite[1.677243632610157
[819.0, 591.0, 909.0, 681.0][729.0, 501.0, 819.0, 591.0][819.0, 411.0, 909.0, 501.0][639.0, 411.0, 729.0, 501.0][Combi déjà faite[1.5592209716684806
[639.0, 231.0, 729.0, 321.0][549.0, 321.0, 639.0, 411.0][459.0, 411.0, 549.0, 501.0][369.0, 501.0, 459.0, 591.0][Combi déjà faite[1.7132994570662277
[459.0, 591.0, 549.0, 681.0][369.0, 501.0, 459.0, 591.0][279.0, 591.0, 369.0, 681.0][459.0, 411.0, 549.0, 501.0][Combi déjà faite[1.585287454594834
[549.0, 321.0, 639.0, 411.0][639.0, 231.0, 729.0, 321.0][639.0, 411.0, 729.0, 501.0][819.0, 411.0, 909.0, 501.0][Combi déjà faite[1.452660063721055
[729.0, 501.0, 819.0, 591.0][819.0, 591.0, 909.0, 681.0][819.0, 411.0, 909.0, 501.0][639.0, 411.0, 729.0, 501.0][Combi déjà faite[1.422014294986127
[819.0, 411.0, 909.0, 501.0][819.0, 591.0, 909.0, 681.0][729.0, 501.0, 819.0, 591.0][639.0, 411.0, 729.0, 501.0][Combi déjà faite[1.5643356425318302
[639.0, 231.0, 729.0, 321.0][549.0, 321.0, 639.0, 411.0][459.0, 411.0, 549.0, 501.0][369.0, 501.0, 459.0, 591.0][Combi déjà faite[1.1897121556612547
[459.0, 591.0, 549.0, 681.0][279.0, 591.0, 369.0, 681.0][369.0, 501.0, 459.0, 591.0][459.0, 411.0, 549.0, 501.0][Combi déjà faite[1.4891011192624433
[549.0, 321.0, 639.0, 411.0][639.0, 411.0, 729.0, 501.0][729.0, 501.0, 819.0, 591.0][729.0, 501.0, 819.0, 591.0][Meme cercle
[819.0, 591.0, 909.0, 681.0][819.0, 411.0, 909.0, 501.0][639.0, 231.0, 729.0, 321.0][549.0, 321.0, 639.0, 411.0][Nouvelle combi[1.7996539894596708
[639.0, 411.0, 729.0, 501.0][729.0, 501.0, 819.0, 591.0][819.0, 591.0, 909.0, 681.0][459.0, 591.0, 549.0, 681.0][Nouvelle combi[1.9998592819358123
[459.0, 411.0, 549.0, 501.0][369.0, 501.0, 459.0, 591.0][279.0, 591.0, 369.0, 681.0][549.0, 321.0, 639.0, 411.0][Nouvelle combi[1.5020512837343745
[639.0, 231.0, 729.0, 321.0][639.0, 411.0, 729.0, 501.0][729.0, 501.0, 819.0, 591.0][729.0, 501.0, 819.0, 591.0][Meme cercle
[819.0, 591.0, 909.0, 681.0][819.0, 411.0, 909.0, 501.0][729.0, 501.0, 819.0, 591.0][639.0, 411.0, 729.0, 501.0][Combi déjà faite[2.6097432695329417
[639.0, 231.0, 729.0, 321.0][549.0, 321.0, 639.0, 411.0][459.0, 411.0, 549.0, 501.0][369.0, 501.0, 459.0, 591.0][Combi déjà faite[1.6353982649421823
[459.0, 591.0, 549.0, 681.0][279.0, 591.0, 369.0, 681.0][369.0, 501.0, 459.0, 591.0][459.0, 411.0, 549.0, 501.0][Combi déjà faite[1.5321514109959935
[549.0, 321.0, 639.0, 411.0][549.0, 321.0, 639.0, 411.0][[[Meme cercle
[639.0, 411.0, 729.0, 501.0][729.0, 501.0, 819.0, 591.0][729.0, 501.0, 819.0, 591.0][[Meme cercle
[819.0, 591.0, 909.0, 681.0][819.0, 411.0, 909.0, 501.0][639.0, 231.0, 729.0, 321.0][549.0, 321.0, 639.0, 411.0][Combi déjà faite[1.6691989080606504
[639.0, 411.0, 729.0, 501.0][729.0, 501.0, 819.0, 591.0][819.0, 591.0, 909.0, 681.0][459.0, 591.0, 549.0, 681.0][369.0, 501.0, 459.0, 591.0][Combi déjà faite[1.583172991321419
[Nouvelle combi[1.7129335080480246
[369.0, 501.0, 459.0, 591.0][459.0, 591.0, 549.0, 681.0][279.0, 591.0, 369.0, 681.0][459.0, 411.0, 549.0, 501.0][Combi déjà faite[4.616231069728087
[549.0, 321.0, 639.0, 411.0][639.0, 411.0, 729.0, 501.0][729.0, 501.0, 819.0, 591.0][819.0, 591.0, 909.0, 681.0][Combi déjà faite[1.7339722945413882
[819.0, 411.0, 909.0, 501.0][639.0, 231.0, 729.0, 321.0][549.0, 321.0, 639.0, 411.0][639.0, 411.0, 729.0, 501.0][Combi déjà faite[1.563151231303607
[459.0, 411.0, 549.0, 501.0][459.0, 591.0, 549.0, 681.0][369.0, 501.0, 459.0, 591.0][279.0, 591.0, 369.0, 681.0][Combi déjà faite[1.3767502578463677
[819.0, 591.0, 909.0, 681.0][729.0, 501.0, 819.0, 591.0][819.0, 411.0, 909.0, 501.0][639.0, 411.0, 729.0, 501.0][Combi déjà faite[1.4515954474629211
[639.0, 231.0, 729.0, 321.0][549.0, 321.0, 639.0, 411.0][459.0, 411.0, 549.0, 501.0][639.0, 411.0, 729.0, 501.0][Combi déjà faite[1.483640601961497
[819.0, 411.0, 909.0, 501.0][729.0, 501.0, 819.0, 591.0][819.0, 591.0, 909.0, 681.0][459.0, 591.0, 549.0, 681.0][Combi déjà faite[1.4957156887923588
[639.0, 231.0, 729.0, 321.0][549.0, 321.0, 639.0, 411.0][639.0, 411.0, 729.0, 501.0][459.0, 591.0, 549.0, 681.0][Nouvelle combi[2.336148788634887
[369.0, 501.0, 459.0, 591.0][459.0, 411.0, 549.0, 501.0][279.0, 591.0, 369.0, 681.0][459.0, 591.0, 549.0, 681.0][Combi déjà faite[4.056721687566551
[549.0, 321.0, 639.0, 411.0][639.0, 411.0, 729.0, 501.0][729.0, 501.0, 819.0, 591.0][819.0, 591.0, 909.0, 681.0][Combi déjà faite[1.3985718142128007
[819.0, 411.0, 909.0, 501.0][639.0, 231.0, 729.0, 321.0][549.0, 321.0, 639.0, 411.0][459.0, 411.0, 549.0, 501.0][Nouvelle combi[1.408527104432494
[369.0, 501.0, 459.0, 591.0][819.0, 591.0, 909.0, 681.0][729.0, 501.0, 819.0, 591.0][639.0, 411.0, 729.0, 501.0][Nouvelle combi[2.123442152567918
[549.0, 321.0, 639.0, 411.0][459.0, 411.0, 549.0, 501.0][369.0, 501.0, 459.0, 591.0][279.0, 591.0, 369.0, 681.0][Combi déjà faite[1.228154443613903
[459.0, 591.0, 549.0, 681.0][819.0, 411.0, 909.0, 501.0][729.0, 501.0, 819.0, 591.0][819.0, 591.0, 909.0, 681.0][Combi déjà faite[1.7371718869102892
[639.0, 411.0, 729.0, 501.0][639.0, 231.0, 729.0, 321.0][549.0, 321.0, 639.0, 411.0][459.0, 411.0, 549.0, 501.0][Combi déjà faite[1.891134679905349
[819.0, 411.0, 909.0, 501.0][729.0, 501.0, 819.0, 591.0][819.0, 591.0, 909.0, 681.0][639.0, 411.0, 729.0, 501.0][Combi déjà faite[1.5976919775934562
[639.0, 231.0, 729.0, 321.0][639.0, 231.0, 729.0, 321.0][[[Meme cercle
[549.0, 321.0, 639.0, 411.0][459.0, 411.0, 549.0, 501.0][459.0, 411.0, 549.0, 501.0][[Meme cercle
[369.0, 501.0, 459.0, 591.0]
30 sec
[459.0, 591.0, 549.0, 681.0][279.0, 591.0, 369.0, 681.0][459.0, 591.0, 549.0, 681.0][Meme cercle
[639.0, 411.0, 729.0, 501.0][819.0, 591.0, 909.0, 681.0][729.0, 501.0, 819.0, 591.0][819.0, 411.0, 909.0, 501.0][Combi déjà faite[2.203896372427778
[639.0, 231.0, 729.0, 321.0][549.0, 321.0, 639.0, 411.0][639.0, 411.0, 729.0, 501.0][639.0, 411.0, 729.0, 501.0][Meme cercle
[729.0, 501.0, 819.0, 591.0][819.0, 591.0, 909.0, 681.0][459.0, 411.0, 549.0, 501.0][459.0, 591.0, 549.0, 681.0][Combi déjà faite[1.8872224715671564
[369.0, 501.0, 459.0, 591.0][279.0, 591.0, 369.0, 681.0][819.0, 411.0, 909.0, 501.0][729.0, 501.0, 819.0, 591.0][Nouvelle combi[1.3590472689618878
[819.0, 591.0, 909.0, 681.0][459.0, 591.0, 549.0, 681.0][819.0, 411.0, 909.0, 501.0][729.0, 501.0, 819.0, 591.0][Combi déjà faite[2.4165152135509516
[639.0, 411.0, 729.0, 501.0][639.0, 231.0, 729.0, 321.0][549.0, 321.0, 639.0, 411.0][459.0, 411.0, 549.0, 501.0][Combi déjà faite[1.738681631738757
[459.0, 591.0, 549.0, 681.0][369.0, 501.0, 459.0, 591.0][279.0, 591.0, 369.0, 681.0][459.0, 591.0, 549.0, 681.0][Meme cercle
[459.0, 411.0, 549.0, 501.0][639.0, 411.0, 729.0, 501.0][729.0, 501.0, 819.0, 591.0][819.0, 591.0, 909.0, 681.0][Nouvelle combi[1.6606758241442776
[896, 571[[[[A cote
[819.0, 411.0, 909.0, 501.0][639.0, 231.0, 729.0, 321.0][549.0, 321.0, 639.0, 411.0][639.0, 411.0, 729.0, 501.0][Combi déjà faite[1.6803381992518212
[729.0, 501.0, 819.0, 591.0][729.0, 501.0, 819.0, 591.0][[[Meme cercle
[819.0, 591.0, 909.0, 681.0][459.0, 411.0, 549.0, 501.0][459.0, 591.0, 549.0, 681.0][369.0, 501.0, 459.0, 591.0][369.0, 501.0, 459.0, 591.0][Nouvelle combi[1.7603427777171419
[[[[Meme cercle
[279.0, 591.0, 369.0, 681.0][549.0, 321.0, 639.0, 411.0][459.0, 411.0, 549.0, 501.0][369.0, 501.0, 459.0, 591.0][Combi déjà faite[1.3043945061698992
[459.0, 591.0, 549.0, 681.0][819.0, 591.0, 909.0, 681.0][819.0, 411.0, 909.0, 501.0][729.0, 501.0, 819.0, 591.0][Combi déjà faite[2.037593877000063
[639.0, 411.0, 729.0, 501.0][639.0, 231.0, 729.0, 321.0][549.0, 321.0, 639.0, 411.0][459.0, 411.0, 549.0, 501.0][Combi déjà faite[4.133992725327403


Bonnes réponses=[ 24.00
Erreurs couleur:[ 0.00
Erreurs répétition:[ 48.00
Erreurs même cercle:[ 12.00
Erreurs à côté:[ 3.00
Erreurs totales:[63
Nombre de réponses:[87
Taux de réussite=[ 27.59
RTmoy reussi sec=[ 2.403
RTmoy deja fait sec=[ 2.025
RTmoy tot sec=[ 0.062
RTmax sec=[ 15.781
RTmin sec=[ 1.359

