
TACHE SPATIALE DIFFICILE FAIBLE GAIN

Coord distracteur bleu 1 [549.0, 321.0, 639.0, 411.0]
Coord distracteur bleu 2 [819.0, 411.0, 909.0, 501.0]
Coord distracteur bleu 3 [639.0, 591.0, 729.0, 681.0]
Coord distracteur rouge 1 [549.0, 501.0, 639.0, 591.0]
Coord distracteur rouge 2 [729.0, 321.0, 819.0, 411.0]

[Coord Cercle 1[Coord Cercle 2[Coord Cercle 3[Coord Cercle 4[Combi[RT
[279.0, 591.0, 369.0, 681.0][369.0, 501.0, 459.0, 591.0][459.0, 411.0, 549.0, 501.0][639.0, 411.0, 729.0, 501.0][Nouvelle combi[6.77982969463845
[639.0, 411.0, 729.0, 501.0][729.0, 501.0, 819.0, 591.0][819.0, 591.0, 909.0, 681.0][909.0, 501.0, 999.0, 591.0][Nouvelle combi[4.399661292863519
[279.0, 591.0, 369.0, 681.0][369.0, 501.0, 459.0, 591.0][459.0, 411.0, 549.0, 501.0][459.0, 591.0, 549.0, 681.0][Nouvelle combi[6.75614316940608
[999.0, 591.0, 1089.0, 681.0][909.0, 501.0, 999.0, 591.0][819.0, 591.0, 909.0, 681.0][729.0, 501.0, 819.0, 591.0][Nouvelle combi[5.432886263981516
[639.0, 231.0, 729.0, 321.0][639.0, 411.0, 729.0, 501.0][729.0, 501.0, 819.0, 591.0][819.0, 591.0, 909.0, 681.0][Nouvelle combi[10.810298977970909
[999.0, 591.0, 1089.0, 681.0][909.0, 501.0, 999.0, 591.0][819.0, 591.0, 909.0, 681.0][729.0, 501.0, 819.0, 591.0][Combi déjà faite[17.665216959643963
[639.0, 411.0, 729.0, 501.0][639.0, 231.0, 729.0, 321.0][459.0, 411.0, 549.0, 501.0][459.0, 591.0, 549.0, 681.0][Nouvelle combi[4.581449712492777
[279.0, 591.0, 369.0, 681.0][369.0, 501.0, 459.0, 591.0][459.0, 411.0, 549.0, 501.0][459.0, 591.0, 549.0, 681.0][Combi déjà faite[18.56316338352675
[279.0, 591.0, 369.0, 681.0][369.0, 501.0, 459.0, 591.0][459.0, 411.0, 549.0, 501.0][639.0, 231.0, 729.0, 321.0][Nouvelle combi[9.642315663892248
[279.0, 591.0, 369.0, 681.0][369.0, 501.0, 459.0, 591.0][459.0, 411.0, 549.0, 501.0][459.0, 591.0, 549.0, 681.0][Combi déjà faite[10.795958078427773
[639.0, 411.0, 729.0, 501.0][729.0, 501.0, 819.0, 591.0][819.0, 591.0, 909.0, 681.0][909.0, 501.0, 999.0, 591.0][Combi déjà faite[6.457916376752621
[729.0, 501.0, 819.0, 591.0][819.0, 591.0, 909.0, 681.0][909.0, 501.0, 999.0, 591.0][999.0, 591.0, 1089.0, 681.0][Combi déjà faite[8.251833022632994
[639.0, 231.0, 729.0, 321.0][639.0, 411.0, 729.0, 501.0][729.0, 501.0, 819.0, 591.0][819.0, 591.0, 909.0, 681.0][Combi déjà faite[9.6012654748464
[999.0, 591.0, 1089.0, 681.0][909.0, 501.0, 999.0, 591.0][819.0, 591.0, 909.0, 681.0][729.0, 501.0, 819.0, 591.0][Combi déjà faite[10.082835556372416
[819.0, 591.0, 909.0, 681.0][729.0, 501.0, 819.0, 591.0][639.0, 411.0, 729.0, 501.0][639.0, 231.0, 729.0, 321.0][Combi déjà faite[10.547115409861902

30 sec
[279.0, 591.0, 369.0, 681.0][369.0, 501.0, 459.0, 591.0][459.0, 411.0, 549.0, 501.0][459.0, 591.0, 549.0, 681.0][Combi déjà faite[12.49464657288766
[729.0, 501.0, 819.0, 591.0][819.0, 591.0, 909.0, 681.0][909.0, 501.0, 999.0, 591.0][999.0, 591.0, 1089.0, 681.0][Combi déjà faite[7.618871189544706
[639.0, 231.0, 729.0, 321.0][639.0, 411.0, 729.0, 501.0][729.0, 501.0, 819.0, 591.0][819.0, 591.0, 909.0, 681.0][Combi déjà faite[12.972935018773285


Bonnes réponses=[ 7.00
Erreurs couleur:[ 0.00
Erreurs répétition:[ 11.00
Erreurs même cercle:[ 0.00
Erreurs à côté:[ 0.00
Erreurs totales:[11
Nombre de réponses:[18
Taux de réussite=[ 38.89
RTmoy reussi sec=[ 6.915
RTmoy deja fait sec=[ 11.368
RTmoy tot sec=[ 9.636
RTmax sec=[ 10.810
RTmin sec=[ 4.400

