
TACHE SPATIALE DIFFICILE FORT GAIN

Coord distracteur bleu 1 [729.0, 321.0, 819.0, 411.0]
Coord distracteur bleu 2 [819.0, 411.0, 909.0, 501.0]
Coord distracteur bleu 3 [909.0, 501.0, 999.0, 591.0]
Coord distracteur rouge 1 [639.0, 411.0, 729.0, 501.0]
Coord distracteur rouge 2 [369.0, 501.0, 459.0, 591.0]

[Coord Cercle 1[Coord Cercle 2[Coord Cercle 3[Coord Cercle 4[Combi[RT
[639.0, 231.0, 729.0, 321.0][459.0, 411.0, 549.0, 501.0][549.0, 321.0, 639.0, 411.0][279.0, 591.0, 369.0, 681.0][Nouvelle combi[5.359717563540471
[459.0, 591.0, 549.0, 681.0][549.0, 501.0, 639.0, 591.0][639.0, 591.0, 729.0, 681.0][729.0, 501.0, 819.0, 591.0][Nouvelle combi[3.1586093807436555
[999.0, 591.0, 1089.0, 681.0][819.0, 591.0, 909.0, 681.0][639.0, 591.0, 729.0, 681.0][729.0, 501.0, 819.0, 591.0][Nouvelle combi[3.821614241453517
[459.0, 591.0, 549.0, 681.0][549.0, 501.0, 639.0, 591.0][729.0, 501.0, 819.0, 591.0][639.0, 591.0, 729.0, 681.0][Combi déjà faite[4.163955012996894
[279.0, 591.0, 369.0, 681.0][459.0, 591.0, 549.0, 681.0][639.0, 591.0, 729.0, 681.0][819.0, 591.0, 909.0, 681.0][Nouvelle combi[6.581565404610728
[999.0, 591.0, 1089.0, 681.0][819.0, 591.0, 909.0, 681.0][729.0, 501.0, 819.0, 591.0][639.0, 591.0, 729.0, 681.0][Combi déjà faite[9.293030493488459
[639.0, 231.0, 729.0, 321.0][549.0, 321.0, 639.0, 411.0][459.0, 411.0, 549.0, 501.0][549.0, 501.0, 639.0, 591.0][Nouvelle combi[12.788095116972045
[549.0, 501.0, 639.0, 591.0][639.0, 591.0, 729.0, 681.0][729.0, 501.0, 819.0, 591.0][459.0, 591.0, 549.0, 681.0][Combi déjà faite[7.171873358977109
[279.0, 591.0, 369.0, 681.0][459.0, 591.0, 549.0, 681.0][549.0, 501.0, 639.0, 591.0][639.0, 591.0, 729.0, 681.0][Nouvelle combi[9.62996327390647
[459.0, 591.0, 549.0, 681.0][549.0, 501.0, 639.0, 591.0][729.0, 501.0, 819.0, 591.0][639.0, 591.0, 729.0, 681.0][Combi déjà faite[4.506472604762848
[999.0, 591.0, 1089.0, 681.0][819.0, 591.0, 909.0, 681.0][729.0, 501.0, 819.0, 591.0][639.0, 591.0, 729.0, 681.0][Combi déjà faite[6.971693995168835
[639.0, 231.0, 729.0, 321.0][549.0, 321.0, 639.0, 411.0][459.0, 411.0, 549.0, 501.0][549.0, 501.0, 639.0, 591.0][Combi déjà faite[8.359088641495646
[279.0, 591.0, 369.0, 681.0][459.0, 591.0, 549.0, 681.0][639.0, 591.0, 729.0, 681.0][729.0, 501.0, 819.0, 591.0][Nouvelle combi[5.069143681405194
[999.0, 591.0, 1089.0, 681.0][819.0, 591.0, 909.0, 681.0][729.0, 501.0, 819.0, 591.0][639.0, 591.0, 729.0, 681.0][Combi déjà faite[15.001680407498725
[459.0, 591.0, 549.0, 681.0][549.0, 501.0, 639.0, 591.0][729.0, 501.0, 819.0, 591.0][639.0, 591.0, 729.0, 681.0][Combi déjà faite[4.8774463549598295
[279.0, 591.0, 369.0, 681.0][459.0, 591.0, 549.0, 681.0][639.0, 591.0, 729.0, 681.0][729.0, 501.0, 819.0, 591.0][Combi déjà faite[5.903427440529185
[279.0, 591.0, 369.0, 681.0][459.0, 591.0, 549.0, 681.0][549.0, 501.0, 639.0, 591.0][459.0, 411.0, 549.0, 501.0][Nouvelle combi[12.161504145223944
[639.0, 231.0, 729.0, 321.0][549.0, 321.0, 639.0, 411.0][459.0, 411.0, 549.0, 501.0][549.0, 501.0, 639.0, 591.0][Combi déjà faite[5.91306475804754
[279.0, 591.0, 369.0, 681.0][459.0, 591.0, 549.0, 681.0][639.0, 591.0, 729.0, 681.0][819.0, 591.0, 909.0, 681.0][Combi déjà faite[9.61016638331671
[729.0, 501.0, 819.0, 591.0][639.0, 591.0, 729.0, 681.0][819.0, 591.0, 909.0, 681.0][999.0, 591.0, 1089.0, 681.0][Combi déjà faite[5.256944398860469

30 sec
[639.0, 231.0, 729.0, 321.0][549.0, 321.0, 639.0, 411.0][459.0, 411.0, 549.0, 501.0][549.0, 501.0, 639.0, 591.0][Combi déjà faite[5.9582790428239605
[279.0, 591.0, 369.0, 681.0][459.0, 591.0, 549.0, 681.0][549.0, 501.0, 639.0, 591.0][459.0, 411.0, 549.0, 501.0][Combi déjà faite[6.629835274116658
[729.0, 501.0, 819.0, 591.0][639.0, 591.0, 729.0, 681.0][549.0, 501.0, 639.0, 591.0][459.0, 411.0, 549.0, 501.0][Nouvelle combi[8.968899333088302


Bonnes réponses=[ 9.00
Erreurs couleur:[ 0.00
Erreurs répétition:[ 14.00
Erreurs même cercle:[ 0.00
Erreurs à côté:[ 0.00
Erreurs totales:[14
Nombre de réponses:[23
Taux de réussite=[ 39.13
RTmoy reussi sec=[ 7.504
RTmoy deja fait sec=[ 7.115
RTmoy tot sec=[ 7.268
RTmax sec=[ 12.788
RTmin sec=[ 3.159

