
TACHE SPATIALE DIFFICILE FORT GAIN

Coord distracteur bleu 1 [819.0, 591.0, 909.0, 681.0]
Coord distracteur bleu 2 [819.0, 411.0, 909.0, 501.0]
Coord distracteur bleu 3 [639.0, 411.0, 729.0, 501.0]
Coord distracteur rouge 1 [459.0, 591.0, 549.0, 681.0]
Coord distracteur rouge 2 [369.0, 501.0, 459.0, 591.0]

[Coord Cercle 1[Coord Cercle 2[Coord Cercle 3[Coord Cercle 4[Combi[RT
[279.0, 591.0, 369.0, 681.0][459.0, 411.0, 549.0, 501.0][549.0, 501.0, 639.0, 591.0][639.0, 591.0, 729.0, 681.0][Nouvelle combi[2.264156392833172
[279.0, 591.0, 369.0, 681.0][459.0, 411.0, 549.0, 501.0][639.0, 591.0, 729.0, 681.0][549.0, 501.0, 639.0, 591.0][Combi déjà faite[2.107178945010503
[279.0, 591.0, 369.0, 681.0][459.0, 411.0, 549.0, 501.0][549.0, 321.0, 639.0, 411.0][639.0, 231.0, 729.0, 321.0][Nouvelle combi[2.3023663970874964
[279.0, 591.0, 369.0, 681.0][459.0, 411.0, 549.0, 501.0][639.0, 231.0, 729.0, 321.0][549.0, 321.0, 639.0, 411.0][Combi déjà faite[2.2489211295329596
[279.0, 591.0, 369.0, 681.0][459.0, 411.0, 549.0, 501.0][639.0, 591.0, 729.0, 681.0][729.0, 501.0, 819.0, 591.0][Nouvelle combi[2.3234334480819143
[279.0, 591.0, 369.0, 681.0][459.0, 411.0, 549.0, 501.0][729.0, 501.0, 819.0, 591.0][639.0, 591.0, 729.0, 681.0][Combi déjà faite[2.3698514422341077
[279.0, 591.0, 369.0, 681.0][459.0, 411.0, 549.0, 501.0][639.0, 591.0, 729.0, 681.0][909.0, 501.0, 999.0, 591.0][Nouvelle combi[2.2397281152063897
[279.0, 591.0, 369.0, 681.0][459.0, 411.0, 549.0, 501.0][909.0, 501.0, 999.0, 591.0][639.0, 591.0, 729.0, 681.0][Combi déjà faite[2.320361451862823
[279.0, 591.0, 369.0, 681.0][459.0, 411.0, 549.0, 501.0][909.0, 501.0, 999.0, 591.0][999.0, 591.0, 1089.0, 681.0][Nouvelle combi[2.217418399074802
[279.0, 591.0, 369.0, 681.0][459.0, 411.0, 549.0, 501.0][999.0, 591.0, 1089.0, 681.0][909.0, 501.0, 999.0, 591.0][Combi déjà faite[1.7492548727119583
[639.0, 591.0, 729.0, 681.0][549.0, 501.0, 639.0, 591.0][459.0, 411.0, 549.0, 501.0][279.0, 591.0, 369.0, 681.0][Combi déjà faite[2.98406442986942
[639.0, 591.0, 729.0, 681.0][549.0, 501.0, 639.0, 591.0][549.0, 321.0, 639.0, 411.0][459.0, 411.0, 549.0, 501.0][Nouvelle combi[2.2718581269438687
[459.0, 411.0, 549.0, 501.0][639.0, 591.0, 729.0, 681.0][549.0, 501.0, 639.0, 591.0][279.0, 591.0, 369.0, 681.0][Combi déjà faite[3.762289523335994
[639.0, 591.0, 729.0, 681.0][549.0, 501.0, 639.0, 591.0][279.0, 591.0, 369.0, 681.0][549.0, 321.0, 639.0, 411.0][Nouvelle combi[2.181681007161842
[639.0, 591.0, 729.0, 681.0][549.0, 501.0, 639.0, 591.0][639.0, 231.0, 729.0, 321.0][279.0, 591.0, 369.0, 681.0][Nouvelle combi[2.382718708448749
[639.0, 591.0, 729.0, 681.0][549.0, 501.0, 639.0, 591.0][279.0, 591.0, 369.0, 681.0][639.0, 231.0, 729.0, 321.0][Combi déjà faite[1.8933379774301784
[639.0, 591.0, 729.0, 681.0][729.0, 501.0, 819.0, 591.0][729.0, 321.0, 819.0, 411.0][549.0, 501.0, 639.0, 591.0][Nouvelle combi[2.2754179174343676
[639.0, 591.0, 729.0, 681.0][729.0, 501.0, 819.0, 591.0][549.0, 501.0, 639.0, 591.0][729.0, 321.0, 819.0, 411.0][Combi déjà faite[2.433829619902042
[639.0, 591.0, 729.0, 681.0][729.0, 501.0, 819.0, 591.0][909.0, 501.0, 999.0, 591.0][999.0, 591.0, 1089.0, 681.0][Nouvelle combi[2.27538960977688
[639.0, 591.0, 729.0, 681.0][729.0, 501.0, 819.0, 591.0][999.0, 591.0, 1089.0, 681.0][909.0, 501.0, 999.0, 591.0][Combi déjà faite[2.120201287957343
[639.0, 231.0, 729.0, 321.0][729.0, 321.0, 819.0, 411.0][729.0, 501.0, 819.0, 591.0][639.0, 591.0, 729.0, 681.0][Nouvelle combi[2.8289396977152705
[639.0, 231.0, 729.0, 321.0][729.0, 321.0, 819.0, 411.0][729.0, 501.0, 819.0, 591.0][549.0, 501.0, 639.0, 591.0][Nouvelle combi[2.150985660325375
[639.0, 231.0, 729.0, 321.0][729.0, 321.0, 819.0, 411.0][549.0, 501.0, 639.0, 591.0][729.0, 501.0, 819.0, 591.0][Combi déjà faite[2.0945020375359604
[639.0, 231.0, 729.0, 321.0][729.0, 321.0, 819.0, 411.0][549.0, 321.0, 639.0, 411.0][459.0, 411.0, 549.0, 501.0][Nouvelle combi[2.198550729988824
[639.0, 231.0, 729.0, 321.0][729.0, 321.0, 819.0, 411.0][459.0, 411.0, 549.0, 501.0][549.0, 321.0, 639.0, 411.0][Combi déjà faite[1.870056365058872
[639.0, 231.0, 729.0, 321.0][729.0, 321.0, 819.0, 411.0][909.0, 501.0, 999.0, 591.0][999.0, 591.0, 1089.0, 681.0][Nouvelle combi[2.225827414366222
[639.0, 231.0, 729.0, 321.0][729.0, 321.0, 819.0, 411.0][999.0, 591.0, 1089.0, 681.0][909.0, 501.0, 999.0, 591.0][Combi déjà faite[1.8412235800325334
[999.0, 591.0, 1089.0, 681.0][909.0, 501.0, 999.0, 591.0][729.0, 501.0, 819.0, 591.0][549.0, 501.0, 639.0, 591.0][Nouvelle combi[2.8466935220182563
[999.0, 591.0, 1089.0, 681.0][909.0, 501.0, 999.0, 591.0][729.0, 321.0, 819.0, 411.0][639.0, 231.0, 729.0, 321.0][Combi déjà faite[1.776450326420047
[999.0, 591.0, 1089.0, 681.0][909.0, 501.0, 999.0, 591.0][639.0, 231.0, 729.0, 321.0][729.0, 321.0, 819.0, 411.0][Combi déjà faite[2.059929772394071
[999.0, 591.0, 1089.0, 681.0][909.0, 501.0, 999.0, 591.0][549.0, 501.0, 639.0, 591.0][729.0, 501.0, 819.0, 591.0][Combi déjà faite[2.1625446204578793
[999.0, 591.0, 1089.0, 681.0][909.0, 501.0, 999.0, 591.0][729.0, 501.0, 819.0, 591.0][639.0, 591.0, 729.0, 681.0][Combi déjà faite[2.3732171816814116
[999.0, 591.0, 1089.0, 681.0][909.0, 501.0, 999.0, 591.0][729.0, 501.0, 819.0, 591.0][549.0, 501.0, 639.0, 591.0][Combi déjà faite[2.192822326782789
[999.0, 591.0, 1089.0, 681.0][909.0, 501.0, 999.0, 591.0][729.0, 501.0, 819.0, 591.0][459.0, 411.0, 549.0, 501.0][Nouvelle combi[1.9011332498872662
[999.0, 591.0, 1089.0, 681.0][909.0, 501.0, 999.0, 591.0][729.0, 501.0, 819.0, 591.0][459.0, 411.0, 549.0, 501.0][Combi déjà faite[1.9452915545130054
[999.0, 591.0, 1089.0, 681.0][909.0, 501.0, 999.0, 591.0][459.0, 411.0, 549.0, 501.0][729.0, 501.0, 819.0, 591.0][Combi déjà faite[2.744428622241685
[999.0, 591.0, 1089.0, 681.0][909.0, 501.0, 999.0, 591.0][729.0, 321.0, 819.0, 411.0][549.0, 321.0, 639.0, 411.0][Nouvelle combi[2.4546320558375783
[999.0, 591.0, 1089.0, 681.0][909.0, 501.0, 999.0, 591.0][729.0, 501.0, 819.0, 591.0][279.0, 591.0, 369.0, 681.0][Nouvelle combi[2.2014643674285708
[999.0, 591.0, 1089.0, 681.0][909.0, 501.0, 999.0, 591.0][639.0, 591.0, 729.0, 681.0][279.0, 591.0, 369.0, 681.0][Nouvelle combi[2.0497127593279174
[999.0, 591.0, 1089.0, 681.0][909.0, 501.0, 999.0, 591.0][729.0, 321.0, 819.0, 411.0][549.0, 321.0, 639.0, 411.0][Combi déjà faite[1.9818227916026672
[999.0, 591.0, 1089.0, 681.0][909.0, 501.0, 999.0, 591.0][549.0, 501.0, 639.0, 591.0][459.0, 411.0, 549.0, 501.0][Nouvelle combi[1.875918101434081
[999.0, 591.0, 1089.0, 681.0][909.0, 501.0, 999.0, 591.0][639.0, 231.0, 729.0, 321.0][729.0, 321.0, 819.0, 411.0][Combi déjà faite[2.5484899916020822
[999.0, 591.0, 1089.0, 681.0][909.0, 501.0, 999.0, 591.0][459.0, 411.0, 549.0, 501.0][549.0, 501.0, 639.0, 591.0][Combi déjà faite[1.8674746246465475
[999.0, 591.0, 1089.0, 681.0][909.0, 501.0, 999.0, 591.0][279.0, 591.0, 369.0, 681.0][639.0, 591.0, 729.0, 681.0][Combi déjà faite[1.9326212111328687
[909.0, 501.0, 999.0, 591.0][729.0, 501.0, 819.0, 591.0][729.0, 321.0, 819.0, 411.0][639.0, 231.0, 729.0, 321.0][Nouvelle combi[2.9794794098714874
[909.0, 501.0, 999.0, 591.0][729.0, 501.0, 819.0, 591.0][639.0, 591.0, 729.0, 681.0][549.0, 501.0, 639.0, 591.0][Nouvelle combi[1.9514421110455942
[909.0, 501.0, 999.0, 591.0][729.0, 501.0, 819.0, 591.0][549.0, 321.0, 639.0, 411.0][459.0, 411.0, 549.0, 501.0][Nouvelle combi[2.4642127619945313
[909.0, 501.0, 999.0, 591.0][729.0, 501.0, 819.0, 591.0][729.0, 321.0, 819.0, 411.0][459.0, 411.0, 549.0, 501.0][Nouvelle combi[2.3855634228963254
[909.0, 501.0, 999.0, 591.0][729.0, 501.0, 819.0, 591.0][549.0, 501.0, 639.0, 591.0][279.0, 591.0, 369.0, 681.0][Nouvelle combi[2.073648729868296
[909.0, 501.0, 999.0, 591.0][729.0, 501.0, 819.0, 591.0][639.0, 591.0, 729.0, 681.0][549.0, 501.0, 639.0, 591.0][Combi déjà faite[2.407222473162051
[909.0, 501.0, 999.0, 591.0][729.0, 501.0, 819.0, 591.0][279.0, 591.0, 369.0, 681.0][639.0, 591.0, 729.0, 681.0][Nouvelle combi[2.2451939546330095
[909.0, 501.0, 999.0, 591.0][729.0, 501.0, 819.0, 591.0][639.0, 231.0, 729.0, 321.0][729.0, 321.0, 819.0, 411.0][Combi déjà faite[1.7755773018535592
[909.0, 501.0, 999.0, 591.0][729.0, 501.0, 819.0, 591.0][639.0, 231.0, 729.0, 321.0][549.0, 321.0, 639.0, 411.0][Nouvelle combi[1.9377014100085717
[909.0, 501.0, 999.0, 591.0][729.0, 501.0, 819.0, 591.0][459.0, 411.0, 549.0, 501.0][549.0, 501.0, 639.0, 591.0][Nouvelle combi[2.1285179956702223
[909.0, 501.0, 999.0, 591.0][729.0, 501.0, 819.0, 591.0][549.0, 321.0, 639.0, 411.0][549.0, 501.0, 639.0, 591.0][Nouvelle combi[1.8461113688885007
[909.0, 501.0, 999.0, 591.0][729.0, 501.0, 819.0, 591.0][729.0, 321.0, 819.0, 411.0][639.0, 591.0, 729.0, 681.0][Nouvelle combi[1.6292640460339953
[909.0, 501.0, 999.0, 591.0][729.0, 501.0, 819.0, 591.0][639.0, 231.0, 729.0, 321.0][549.0, 501.0, 639.0, 591.0][Nouvelle combi[1.8183579671491543
[909.0, 501.0, 999.0, 591.0][729.0, 501.0, 819.0, 591.0][549.0, 321.0, 639.0, 411.0][459.0, 411.0, 549.0, 501.0][Combi déjà faite[1.8138455624464314
[729.0, 321.0, 819.0, 411.0][729.0, 501.0, 819.0, 591.0][549.0, 501.0, 639.0, 591.0][279.0, 591.0, 369.0, 681.0][Nouvelle combi[2.6361444478222893
[729.0, 321.0, 819.0, 411.0][729.0, 501.0, 819.0, 591.0][909.0, 501.0, 999.0, 591.0][999.0, 591.0, 1089.0, 681.0][Nouvelle combi[2.119076776520842
[729.0, 321.0, 819.0, 411.0][729.0, 501.0, 819.0, 591.0][549.0, 321.0, 639.0, 411.0][639.0, 231.0, 729.0, 321.0][Nouvelle combi[2.7142247619798354
[729.0, 321.0, 819.0, 411.0][729.0, 501.0, 819.0, 591.0][639.0, 231.0, 729.0, 321.0][549.0, 321.0, 639.0, 411.0][Combi déjà faite[2.1330948105500056
[729.0, 321.0, 819.0, 411.0][729.0, 501.0, 819.0, 591.0][549.0, 501.0, 639.0, 591.0][459.0, 411.0, 549.0, 501.0][Nouvelle combi[1.9862806322699953
[729.0, 501.0, 819.0, 591.0][549.0, 501.0, 639.0, 591.0]
30 sec
[279.0, 591.0, 369.0, 681.0][549.0, 321.0, 639.0, 411.0][Nouvelle combi[2.837371277081502
[729.0, 501.0, 819.0, 591.0][549.0, 501.0, 639.0, 591.0][639.0, 591.0, 729.0, 681.0][729.0, 321.0, 819.0, 411.0][Combi déjà faite[2.3093530551551567
[729.0, 501.0, 819.0, 591.0][549.0, 501.0, 639.0, 591.0][639.0, 591.0, 729.0, 681.0][549.0, 321.0, 639.0, 411.0][Nouvelle combi[2.9691754225533487
[729.0, 501.0, 819.0, 591.0][549.0, 501.0, 639.0, 591.0][639.0, 591.0, 729.0, 681.0][909.0, 501.0, 999.0, 591.0][Combi déjà faite[2.113645398590279
[729.0, 501.0, 819.0, 591.0][549.0, 501.0, 639.0, 591.0][909.0, 501.0, 999.0, 591.0][999.0, 591.0, 1089.0, 681.0][Combi déjà faite[2.500791999025182
[729.0, 501.0, 819.0, 591.0][549.0, 501.0, 639.0, 591.0][729.0, 321.0, 819.0, 411.0][639.0, 231.0, 729.0, 321.0][Combi déjà faite[2.1020749512923658
[729.0, 501.0, 819.0, 591.0][549.0, 501.0, 639.0, 591.0][639.0, 231.0, 729.0, 321.0][729.0, 321.0, 819.0, 411.0][Combi déjà faite[2.3381407120319864
[729.0, 501.0, 819.0, 591.0][549.0, 501.0, 639.0, 591.0][549.0, 321.0, 639.0, 411.0][459.0, 411.0, 549.0, 501.0][Nouvelle combi[1.9735778786733817
[729.0, 501.0, 819.0, 591.0][729.0, 501.0, 819.0, 591.0][[[Meme cercle
[549.0, 501.0, 639.0, 591.0][459.0, 411.0, 549.0, 501.0][279.0, 591.0, 369.0, 681.0][729.0, 501.0, 819.0, 591.0][Nouvelle combi[2.1189052895524583
[549.0, 501.0, 639.0, 591.0][729.0, 501.0, 819.0, 591.0][639.0, 591.0, 729.0, 681.0][729.0, 321.0, 819.0, 411.0][Combi déjà faite[3.419729944947676
[549.0, 501.0, 639.0, 591.0][729.0, 501.0, 819.0, 591.0][639.0, 591.0, 729.0, 681.0][549.0, 321.0, 639.0, 411.0][Combi déjà faite[2.602416899589457
[549.0, 501.0, 639.0, 591.0][729.0, 501.0, 819.0, 591.0][639.0, 591.0, 729.0, 681.0]

Bonnes réponses=[ 39.00
Erreurs couleur:[ 0.00
Erreurs répétition:[ 35.00
Erreurs même cercle:[ 1.00
Erreurs à côté:[ 0.00
Erreurs totales:[36
Nombre de réponses:[75
Taux de réussite=[ 52.00
RTmoy reussi sec=[ 2.264
RTmoy deja fait sec=[ 2.254
RTmoy tot sec=[ 2.259
RTmax sec=[ 2.979
RTmin sec=[ 1.629

