
TACHE SPATIALE DIFFICILE FAIBLE GAIN

Coord distracteur bleu 1 [549.0, 321.0, 639.0, 411.0]
Coord distracteur bleu 2 [999.0, 591.0, 1089.0, 681.0]
Coord distracteur bleu 3 [909.0, 501.0, 999.0, 591.0]
Coord distracteur rouge 1 [639.0, 231.0, 729.0, 321.0]
Coord distracteur rouge 2 [819.0, 591.0, 909.0, 681.0]

[Coord Cercle 1[Coord Cercle 2[Coord Cercle 3[Coord Cercle 4[Combi[RT
[729.0, 321.0, 819.0, 411.0][639.0, 411.0, 729.0, 501.0][549.0, 501.0, 639.0, 591.0][459.0, 591.0, 549.0, 681.0][Nouvelle combi[3.0269714539838333
[819.0, 411.0, 909.0, 501.0][729.0, 501.0, 819.0, 591.0][639.0, 591.0, 729.0, 681.0][459.0, 591.0, 549.0, 681.0][Nouvelle combi[2.0140857262534837
[729.0, 321.0, 819.0, 411.0][639.0, 411.0, 729.0, 501.0][459.0, 411.0, 549.0, 501.0][369.0, 501.0, 459.0, 591.0][Nouvelle combi[3.2962330713028223
[279.0, 591.0, 369.0, 681.0][369.0, 501.0, 459.0, 591.0][459.0, 411.0, 549.0, 501.0][459.0, 591.0, 549.0, 681.0][Nouvelle combi[5.2560460438406835
[279.0, 591.0, 369.0, 681.0][369.0, 501.0, 459.0, 591.0][549.0, 501.0, 639.0, 591.0][639.0, 591.0, 729.0, 681.0][Nouvelle combi[2.373205284260166
[279.0, 591.0, 369.0, 681.0][369.0, 501.0, 459.0, 591.0][459.0, 411.0, 549.0, 501.0][639.0, 411.0, 729.0, 501.0][Nouvelle combi[1.854536384160383
[279.0, 591.0, 369.0, 681.0][369.0, 501.0, 459.0, 591.0][639.0, 411.0, 729.0, 501.0][819.0, 411.0, 909.0, 501.0][Nouvelle combi[2.2795368867239176
[279.0, 591.0, 369.0, 681.0][369.0, 501.0, 459.0, 591.0][729.0, 501.0, 819.0, 591.0][819.0, 411.0, 909.0, 501.0][Nouvelle combi[1.8859078327288898
[279.0, 591.0, 369.0, 681.0][369.0, 501.0, 459.0, 591.0][639.0, 591.0, 729.0, 681.0][729.0, 321.0, 819.0, 411.0][Nouvelle combi[2.0352491873856025
[279.0, 591.0, 369.0, 681.0][369.0, 501.0, 459.0, 591.0][639.0, 591.0, 729.0, 681.0][729.0, 501.0, 819.0, 591.0][Nouvelle combi[2.0875998921846985
[279.0, 591.0, 369.0, 681.0][369.0, 501.0, 459.0, 591.0][459.0, 591.0, 549.0, 681.0][819.0, 411.0, 909.0, 501.0][Nouvelle combi[2.0768360079966897
[279.0, 591.0, 369.0, 681.0][369.0, 501.0, 459.0, 591.0][459.0, 411.0, 549.0, 501.0][819.0, 411.0, 909.0, 501.0][Nouvelle combi[2.340042658409061
[279.0, 591.0, 369.0, 681.0][549.0, 501.0, 639.0, 591.0][639.0, 411.0, 729.0, 501.0][729.0, 321.0, 819.0, 411.0][Nouvelle combi[2.7622714720761223
[279.0, 591.0, 369.0, 681.0][549.0, 501.0, 639.0, 591.0][459.0, 411.0, 549.0, 501.0][369.0, 501.0, 459.0, 591.0][Nouvelle combi[2.1561347821930212
[279.0, 591.0, 369.0, 681.0][549.0, 501.0, 639.0, 591.0][639.0, 591.0, 729.0, 681.0][459.0, 591.0, 549.0, 681.0][Nouvelle combi[2.396492640214092
[279.0, 591.0, 369.0, 681.0][549.0, 501.0, 639.0, 591.0][729.0, 501.0, 819.0, 591.0][819.0, 411.0, 909.0, 501.0][Nouvelle combi[2.112731348433158
[279.0, 591.0, 369.0, 681.0][549.0, 501.0, 639.0, 591.0][639.0, 411.0, 729.0, 501.0][729.0, 321.0, 819.0, 411.0][Combi déjà faite[1.8558832542976234
[279.0, 591.0, 369.0, 681.0][549.0, 501.0, 639.0, 591.0][819.0, 411.0, 909.0, 501.0][729.0, 501.0, 819.0, 591.0][Combi déjà faite[2.145282692985461
[279.0, 591.0, 369.0, 681.0][549.0, 501.0, 639.0, 591.0][729.0, 321.0, 819.0, 411.0][639.0, 591.0, 729.0, 681.0][Nouvelle combi[1.9307959826099932
[279.0, 591.0, 369.0, 681.0][549.0, 501.0, 639.0, 591.0][639.0, 411.0, 729.0, 501.0][369.0, 501.0, 459.0, 591.0][Nouvelle combi[2.795949789600286
[279.0, 591.0, 369.0, 681.0][729.0, 501.0, 819.0, 591.0][639.0, 591.0, 729.0, 681.0][459.0, 591.0, 549.0, 681.0][Nouvelle combi[3.2478442077815544
[279.0, 591.0, 369.0, 681.0][729.0, 501.0, 819.0, 591.0][549.0, 501.0, 639.0, 591.0][369.0, 501.0, 459.0, 591.0][Nouvelle combi[2.105560485464025
[279.0, 591.0, 369.0, 681.0][729.0, 501.0, 819.0, 591.0][459.0, 411.0, 549.0, 501.0][639.0, 411.0, 729.0, 501.0][Nouvelle combi[2.832548718914495
[279.0, 591.0, 369.0, 681.0][729.0, 501.0, 819.0, 591.0][459.0, 411.0, 549.0, 501.0][729.0, 321.0, 819.0, 411.0][Nouvelle combi[2.4215440965610924
[279.0, 591.0, 369.0, 681.0][729.0, 501.0, 819.0, 591.0][459.0, 411.0, 549.0, 501.0][819.0, 411.0, 909.0, 501.0][Nouvelle combi[2.2879803635113376
[279.0, 591.0, 369.0, 681.0][729.0, 501.0, 819.0, 591.0][459.0, 591.0, 549.0, 681.0][639.0, 591.0, 729.0, 681.0][Combi déjà faite[2.297775223251051
[279.0, 591.0, 369.0, 681.0][819.0, 411.0, 909.0, 501.0][639.0, 411.0, 729.0, 501.0][549.0, 501.0, 639.0, 591.0][Nouvelle combi[2.508888399316902
[279.0, 591.0, 369.0, 681.0][819.0, 411.0, 909.0, 501.0][459.0, 591.0, 549.0, 681.0][729.0, 501.0, 819.0, 591.0][Nouvelle combi[2.2658692112379413
[279.0, 591.0, 369.0, 681.0][819.0, 411.0, 909.0, 501.0][459.0, 411.0, 549.0, 501.0][369.0, 501.0, 459.0, 591.0][Combi déjà faite[2.4440158637753484
[279.0, 591.0, 369.0, 681.0][819.0, 411.0, 909.0, 501.0][639.0, 411.0, 729.0, 501.0][729.0, 501.0, 819.0, 591.0][Nouvelle combi[1.9854133512860699
[279.0, 591.0, 369.0, 681.0][819.0, 411.0, 909.0, 501.0][459.0, 591.0, 549.0, 681.0][639.0, 591.0, 729.0, 681.0][Nouvelle combi[2.5564140844134045
[279.0, 591.0, 369.0, 681.0][819.0, 411.0, 909.0, 501.0][729.0, 321.0, 819.0, 411.0][639.0, 411.0, 729.0, 501.0][Nouvelle combi[2.239362987450704
[279.0, 591.0, 369.0, 681.0][729.0, 321.0, 819.0, 411.0][819.0, 411.0, 909.0, 501.0][639.0, 411.0, 729.0, 501.0][Combi déjà faite[3.123534206932277
[279.0, 591.0, 369.0, 681.0][729.0, 321.0, 819.0, 411.0][729.0, 501.0, 819.0, 591.0][639.0, 411.0, 729.0, 501.0][Nouvelle combi[2.271261614857508
[279.0, 591.0, 369.0, 681.0][729.0, 321.0, 819.0, 411.0][729.0, 501.0, 819.0, 591.0][819.0, 411.0, 909.0, 501.0][Nouvelle combi[2.371554414497041
[639.0, 411.0, 729.0, 501.0][279.0, 591.0, 369.0, 681.0][729.0, 321.0, 819.0, 411.0][729.0, 501.0, 819.0, 591.0][Combi déjà faite[2.4779608476379735
[819.0, 411.0, 909.0, 501.0][279.0, 591.0, 369.0, 681.0][549.0, 501.0, 639.0, 591.0][729.0, 321.0, 819.0, 411.0][Nouvelle combi[3.630573172627919
[729.0, 501.0, 819.0, 591.0][549.0, 501.0, 639.0, 591.0][729.0, 321.0, 819.0, 411.0][819.0, 411.0, 909.0, 501.0][Nouvelle combi[2.0098551673577276
[549.0, 501.0, 639.0, 591.0][639.0, 411.0, 729.0, 501.0][729.0, 321.0, 819.0, 411.0][819.0, 411.0, 909.0, 501.0][Nouvelle combi[2.7921475378697096
[549.0, 501.0, 639.0, 591.0][729.0, 501.0, 819.0, 591.0][639.0, 411.0, 729.0, 501.0][729.0, 321.0, 819.0, 411.0][Nouvelle combi[1.9979208230718086
[549.0, 501.0, 639.0, 591.0][639.0, 591.0, 729.0, 681.0][729.0, 501.0, 819.0, 591.0][639.0, 411.0, 729.0, 501.0][Nouvelle combi[1.9043578613031968
[549.0, 501.0, 639.0, 591.0][639.0, 591.0, 729.0, 681.0][459.0, 591.0, 549.0, 681.0][369.0, 501.0, 459.0, 591.0][Nouvelle combi[2.2659319803914286
[459.0, 411.0, 549.0, 501.0][369.0, 501.0, 459.0, 591.0][459.0, 591.0, 549.0, 681.0][549.0, 501.0, 639.0, 591.0][Nouvelle combi[2.1032413088312296
[639.0, 591.0, 729.0, 681.0][459.0, 411.0, 549.0, 501.0][459.0, 591.0, 549.0, 681.0][549.0, 501.0, 639.0, 591.0][Nouvelle combi[3.3278715964657977
[639.0, 411.0, 729.0, 501.0][459.0, 411.0, 549.0, 501.0][549.0, 501.0, 639.0, 591.0][729.0, 501.0, 819.0, 591.0][Nouvelle combi[3.328637544241019
[639.0, 411.0, 729.0, 501.0][729.0, 501.0, 819.0, 591.0][459.0, 591.0, 549.0, 681.0][369.0, 501.0, 459.0, 591.0][Nouvelle combi[3.200314009869885
[639.0, 411.0, 729.0, 501.0][729.0, 501.0, 819.0, 591.0][369.0, 501.0, 459.0, 591.0][459.0, 591.0, 549.0, 681.0][Combi déjà faite[2.2481518997104786
[639.0, 411.0, 729.0, 501.0][729.0, 501.0, 819.0, 591.0][459.0, 411.0, 549.0, 501.0][549.0, 501.0, 639.0, 591.0][Combi déjà faite[2.6042199742933008
[639.0, 411.0, 729.0, 501.0][729.0, 501.0, 819.0, 591.0][459.0, 591.0, 549.0, 681.0][279.0, 591.0, 369.0, 681.0][Nouvelle combi[3.019681206546238
[639.0, 411.0, 729.0, 501.0][729.0, 501.0, 819.0, 591.0][279.0, 591.0, 369.0, 681.0][459.0, 591.0, 549.0, 681.0][Combi déjà faite[2.38771398435199
[639.0, 411.0, 729.0, 501.0][729.0, 501.0, 819.0, 591.0][459.0, 591.0, 549.0, 681.0][639.0, 591.0, 729.0, 681.0][Nouvelle combi[3.0492220932651435
[639.0, 411.0, 729.0, 501.0][729.0, 501.0, 819.0, 591.0][639.0, 591.0, 729.0, 681.0][459.0, 591.0, 549.0, 681.0][Combi déjà faite[2.2026701095342105
[639.0, 411.0, 729.0, 501.0][729.0, 501.0, 819.0, 591.0][729.0, 321.0, 819.0, 411.0][819.0, 411.0, 909.0, 501.0][Nouvelle combi[2.657645959820343
[639.0, 411.0, 729.0, 501.0][729.0, 501.0, 819.0, 591.0][819.0, 411.0, 909.0, 501.0][729.0, 321.0, 819.0, 411.0][Combi déjà faite[2.219599729723427
[639.0, 411.0, 729.0, 501.0][639.0, 591.0, 729.0, 681.0][729.0, 321.0, 819.0, 411.0][819.0, 411.0, 909.0, 501.0][Nouvelle combi[2.636043114613585
[639.0, 411.0, 729.0, 501.0][639.0, 591.0, 729.0, 681.0][729.0, 321.0, 819.0, 411.0][729.0, 501.0, 819.0, 591.0][Nouvelle combi[2.719485063197908
[639.0, 411.0, 729.0, 501.0][639.0, 591.0, 729.0, 681.0]
30 sec
[819.0, 411.0, 909.0, 501.0][729.0, 321.0, 819.0, 411.0][Combi déjà faite[2.896049358708524
[639.0, 411.0, 729.0, 501.0][639.0, 591.0, 729.0, 681.0][729.0, 501.0, 819.0, 591.0][729.0, 321.0, 819.0, 411.0][Combi déjà faite[2.463732762585323
[639.0, 411.0, 729.0, 501.0][639.0, 591.0, 729.0, 681.0][729.0, 501.0, 819.0, 591.0][819.0, 411.0, 909.0, 501.0][Nouvelle combi[1.87071523604277
[639.0, 411.0, 729.0, 501.0][639.0, 591.0, 729.0, 681.0][459.0, 591.0, 549.0, 681.0][459.0, 411.0, 549.0, 501.0][Nouvelle combi[2.481470176652124
[639.0, 411.0, 729.0, 501.0][639.0, 591.0, 729.0, 681.0][549.0, 501.0, 639.0, 591.0][369.0, 501.0, 459.0, 591.0][Nouvelle combi[2.210249587385192
[639.0, 411.0, 729.0, 501.0][639.0, 591.0, 729.0, 681.0][459.0, 591.0, 549.0, 681.0][279.0, 591.0, 369.0, 681.0][Nouvelle combi[2.6544057586801273
[639.0, 411.0, 729.0, 501.0][639.0, 591.0, 729.0, 681.0][549.0, 501.0, 639.0, 591.0][459.0, 411.0, 549.0, 501.0][Nouvelle combi[1.8479612127656537
[639.0, 411.0, 729.0, 501.0][639.0, 591.0, 729.0, 681.0][459.0, 591.0, 549.0, 681.0][369.0, 501.0, 459.0, 591.0][Nouvelle combi[3.6621079030466035
[639.0, 411.0, 729.0, 501.0][549.0, 501.0, 639.0, 591.0][459.0, 591.0, 549.0, 681.0][279.0, 591.0, 369.0, 681.0][Nouvelle combi[4.242247906977013
[639.0, 411.0, 729.0, 501.0][639.0, 591.0, 729.0, 681.0][459.0, 591.0, 549.0, 681.0][369.0, 501.0, 459.0, 591.0][Combi déjà faite[3.2570224528953986
[639.0, 411.0, 729.0, 501.0][729.0, 501.0, 819.0, 591.0][639.0, 591.0, 729.0, 681.0][549.0, 501.0, 639.0, 591.0][Combi déjà faite[2.1808650081660517
[459.0, 411.0, 549.0, 501.0]

Bonnes réponses=[ 52.00
Erreurs couleur:[ 0.00
Erreurs répétition:[ 15.00
Erreurs même cercle:[ 0.00
Erreurs à côté:[ 0.00
Erreurs totales:[15
Nombre de réponses:[67
Taux de réussite=[ 77.61
RTmoy reussi sec=[ 2.565
RTmoy deja fait sec=[ 2.454
RTmoy tot sec=[ 2.540
RTmax sec=[ 5.256
RTmin sec=[ 1.848

