
TACHE SPATIALE DIFFICILE FORT GAIN

Coord distracteur bleu 1 [549.0, 501.0, 639.0, 591.0]
Coord distracteur bleu 2 [549.0, 321.0, 639.0, 411.0]
Coord distracteur bleu 3 [639.0, 411.0, 729.0, 501.0]
Coord distracteur rouge 1 [819.0, 411.0, 909.0, 501.0]
Coord distracteur rouge 2 [729.0, 501.0, 819.0, 591.0]

[Coord Cercle 1[Coord Cercle 2[Coord Cercle 3[Coord Cercle 4[Combi[RT
[639.0, 231.0, 729.0, 321.0][729.0, 321.0, 819.0, 411.0][909.0, 501.0, 999.0, 591.0][999.0, 591.0, 1089.0, 681.0][Nouvelle combi[9.581041097778666
[279.0, 591.0, 369.0, 681.0][459.0, 591.0, 549.0, 681.0][639.0, 591.0, 729.0, 681.0][819.0, 591.0, 909.0, 681.0][Nouvelle combi[10.743924933046287
[909.0, 501.0, 999.0, 591.0][999.0, 591.0, 1089.0, 681.0][819.0, 591.0, 909.0, 681.0][639.0, 591.0, 729.0, 681.0][Nouvelle combi[10.840695646037943
[639.0, 231.0, 729.0, 321.0][729.0, 321.0, 819.0, 411.0][459.0, 411.0, 549.0, 501.0][369.0, 501.0, 459.0, 591.0][Nouvelle combi[10.143905815128846
[459.0, 411.0, 549.0, 501.0][369.0, 501.0, 459.0, 591.0][279.0, 591.0, 369.0, 681.0][459.0, 591.0, 549.0, 681.0][Nouvelle combi[10.961125807383269
[999.0, 591.0, 1089.0, 681.0][909.0, 501.0, 999.0, 591.0][819.0, 591.0, 909.0, 681.0][639.0, 591.0, 729.0, 681.0][Combi déjà faite[8.655044258388898
[639.0, 231.0, 729.0, 321.0][729.0, 321.0, 819.0, 411.0][639.0, 591.0, 729.0, 681.0][819.0, 591.0, 909.0, 681.0][Nouvelle combi[11.14714724570706
[639.0, 591.0, 729.0, 681.0][909.0, 501.0, 999.0, 591.0][729.0, 321.0, 819.0, 411.0][639.0, 231.0, 729.0, 321.0][Nouvelle combi[12.773446935881907
[639.0, 231.0, 729.0, 321.0][459.0, 411.0, 549.0, 501.0][639.0, 591.0, 729.0, 681.0][909.0, 501.0, 999.0, 591.0][Nouvelle combi[12.585554731397337
[819.0, 591.0, 909.0, 681.0][639.0, 591.0, 729.0, 681.0][639.0, 231.0, 729.0, 321.0][729.0, 321.0, 819.0, 411.0][Combi déjà faite[11.952542847109157
[369.0, 501.0, 459.0, 591.0][459.0, 591.0, 549.0, 681.0][819.0, 591.0, 909.0, 681.0][639.0, 231.0, 729.0, 321.0][Nouvelle combi[11.708576067977788
[909.0, 501.0, 999.0, 591.0][819.0, 591.0, 909.0, 681.0][999.0, 591.0, 1089.0, 681.0][369.0, 501.0, 459.0, 591.0][Nouvelle combi[12.45189874560208
[999.0, 591.0, 1089.0, 681.0][459.0, 411.0, 549.0, 501.0][639.0, 231.0, 729.0, 321.0][819.0, 591.0, 909.0, 681.0][Nouvelle combi[12.927387606338243

30 sec
[279.0, 591.0, 369.0, 681.0][999.0, 591.0, 1089.0, 681.0][729.0, 321.0, 819.0, 411.0][459.0, 411.0, 549.0, 501.0][Nouvelle combi[13.286816349839796
[909.0, 501.0, 999.0, 591.0][459.0, 591.0, 549.0, 681.0][459.0, 411.0, 549.0, 501.0][639.0, 231.0, 729.0, 321.0][Nouvelle combi[12.912931014677383


Bonnes réponses=[ 13.00
Erreurs couleur:[ 0.00
Erreurs répétition:[ 2.00
Erreurs même cercle:[ 0.00
Erreurs à côté:[ 0.00
Erreurs totales:[2
Nombre de réponses:[15
Taux de réussite=[ 86.67
RTmoy reussi sec=[ 11.697
RTmoy deja fait sec=[ 10.304
RTmoy tot sec=[ 11.511
RTmax sec=[ 13.287
RTmin sec=[ 9.581

