
TACHE SPATIALE DIFFICILE FAIBLE GAIN

Coord distracteur bleu 1 [459.0, 591.0, 549.0, 681.0]
Coord distracteur bleu 2 [639.0, 231.0, 729.0, 321.0]
Coord distracteur bleu 3 [999.0, 591.0, 1089.0, 681.0]
Coord distracteur rouge 1 [729.0, 501.0, 819.0, 591.0]
Coord distracteur rouge 2 [909.0, 501.0, 999.0, 591.0]

[Coord Cercle 1[Coord Cercle 2[Coord Cercle 3[Coord Cercle 4[Combi[RT
[279.0, 591.0, 369.0, 681.0][369.0, 501.0, 459.0, 591.0][459.0, 411.0, 549.0, 501.0][549.0, 321.0, 639.0, 411.0][Nouvelle combi[12.442681435897384
[729.0, 321.0, 819.0, 411.0][639.0, 411.0, 729.0, 501.0][549.0, 501.0, 639.0, 591.0][639.0, 591.0, 729.0, 681.0][Nouvelle combi[6.966548512820509
[729.0, 321.0, 819.0, 411.0][819.0, 411.0, 909.0, 501.0][819.0, 591.0, 909.0, 681.0][639.0, 591.0, 729.0, 681.0][Nouvelle combi[12.221262769230862
[459.0, 411.0, 549.0, 501.0][549.0, 501.0, 639.0, 591.0][639.0, 411.0, 729.0, 501.0][729.0, 321.0, 819.0, 411.0][Nouvelle combi[7.2834498461538715
[279.0, 591.0, 369.0, 681.0][369.0, 501.0, 459.0, 591.0][459.0, 411.0, 549.0, 501.0][549.0, 501.0, 639.0, 591.0][Nouvelle combi[5.108484923076958
[819.0, 591.0, 909.0, 681.0][639.0, 591.0, 729.0, 681.0][549.0, 501.0, 639.0, 591.0][459.0, 411.0, 549.0, 501.0][Nouvelle combi[9.320904205128045
[819.0, 591.0, 909.0, 681.0][819.0, 411.0, 909.0, 501.0][729.0, 321.0, 819.0, 411.0][639.0, 411.0, 729.0, 501.0][Nouvelle combi[6.998403692307647
[639.0, 591.0, 729.0, 681.0][549.0, 501.0, 639.0, 591.0][639.0, 411.0, 729.0, 501.0][729.0, 321.0, 819.0, 411.0][Combi déjà faite[13.457170461538453
[819.0, 591.0, 909.0, 681.0][639.0, 591.0, 729.0, 681.0][549.0, 501.0, 639.0, 591.0][639.0, 411.0, 729.0, 501.0][Nouvelle combi[12.00785846153849
[639.0, 591.0, 729.0, 681.0][639.0, 591.0, 729.0, 681.0][[[Meme cercle
[549.0, 501.0, 639.0, 591.0][459.0, 411.0, 549.0, 501.0][549.0, 321.0, 639.0, 411.0][819.0, 591.0, 909.0, 681.0][Nouvelle combi[11.94652430769247
[772, 653[[[[A cote
[639.0, 591.0, 729.0, 681.0][549.0, 501.0, 639.0, 591.0][459.0, 411.0, 549.0, 501.0][549.0, 321.0, 639.0, 411.0][Nouvelle combi[10.166697025641042
[639.0, 411.0, 729.0, 501.0][549.0, 321.0, 639.0, 411.0][819.0, 411.0, 909.0, 501.0][729.0, 321.0, 819.0, 411.0][Nouvelle combi[4.967625846153851
[819.0, 411.0, 909.0, 501.0][819.0, 591.0, 909.0, 681.0][639.0, 591.0, 729.0, 681.0][549.0, 501.0, 639.0, 591.0][Nouvelle combi[11.106594871794869
[639.0, 591.0, 729.0, 681.0][549.0, 501.0, 639.0, 591.0][459.0, 411.0, 549.0, 501.0]
30 sec
[369.0, 501.0, 459.0, 591.0][Nouvelle combi[18.754312615384606
[279.0, 591.0, 369.0, 681.0][369.0, 501.0, 459.0, 591.0][459.0, 411.0, 549.0, 501.0][549.0, 321.0, 639.0, 411.0][Combi déjà faite[4.297401846153889
[819.0, 591.0, 909.0, 681.0][639.0, 591.0, 729.0, 681.0][549.0, 501.0, 639.0, 591.0][639.0, 411.0, 729.0, 501.0][Combi déjà faite[8.399835076922955
[819.0, 591.0, 909.0, 681.0][819.0, 411.0, 909.0, 501.0][729.0, 321.0, 819.0, 411.0][549.0, 321.0, 639.0, 411.0][Nouvelle combi[4.827635692307695
[549.0, 321.0, 639.0, 411.0][459.0, 411.0, 549.0, 501.0][369.0, 501.0, 459.0, 591.0][279.0, 591.0, 369.0, 681.0][Combi déjà faite[5.177188923076756
[279.0, 591.0, 369.0, 681.0][639.0, 591.0, 729.0, 681.0][819.0, 591.0, 909.0, 681.0][549.0, 501.0, 639.0, 591.0][549.0, 501.0, 639.0, 591.0][Nouvelle combi[5.156229743589847
[[[[Meme cercle


Bonnes réponses=[ 15.00
Erreurs couleur:[ 0.00
Erreurs répétition:[ 4.00
Erreurs même cercle:[ 2.00
Erreurs à côté:[ 1.00
Erreurs totales:[7
Nombre de réponses:[22
Taux de réussite=[ 68.18
RTmoy reussi sec=[ 9.285
RTmoy deja fait sec=[ 7.833
RTmoy tot sec=[ 8.979
RTmax sec=[ 18.754
RTmin sec=[ 4.828

