
TACHE SPATIALE DIFFICILE FORT GAIN

Coord distracteur bleu 1 [279.0, 591.0, 369.0, 681.0]
Coord distracteur bleu 2 [729.0, 321.0, 819.0, 411.0]
Coord distracteur bleu 3 [639.0, 411.0, 729.0, 501.0]
Coord distracteur rouge 1 [549.0, 501.0, 639.0, 591.0]
Coord distracteur rouge 2 [459.0, 591.0, 549.0, 681.0]

[Coord Cercle 1[Coord Cercle 2[Coord Cercle 3[Coord Cercle 4[Combi[RT
[639.0, 411.0, 729.0, 501.0][[[[Distracteur Bleu
[639.0, 231.0, 729.0, 321.0][549.0, 321.0, 639.0, 411.0][459.0, 411.0, 549.0, 501.0][369.0, 501.0, 459.0, 591.0][Nouvelle combi[15.112011487179473
[999.0, 591.0, 1089.0, 681.0][909.0, 501.0, 999.0, 591.0][819.0, 411.0, 909.0, 501.0][639.0, 231.0, 729.0, 321.0][Nouvelle combi[12.588381538461533
[860, 512[[[[A cote
[819.0, 411.0, 909.0, 501.0][729.0, 501.0, 819.0, 591.0][639.0, 591.0, 729.0, 681.0][909.0, 501.0, 999.0, 591.0][Nouvelle combi[6.174208820512831
[999.0, 591.0, 1089.0, 681.0][819.0, 591.0, 909.0, 681.0][639.0, 591.0, 729.0, 681.0][459.0, 411.0, 549.0, 501.0][Nouvelle combi[12.522166153846115
[819.0, 591.0, 909.0, 681.0][729.0, 501.0, 819.0, 591.0][639.0, 591.0, 729.0, 681.0][459.0, 411.0, 549.0, 501.0][Nouvelle combi[24.039835897435978
[369.0, 501.0, 459.0, 591.0][459.0, 411.0, 549.0, 501.0][549.0, 321.0, 639.0, 411.0][729.0, 501.0, 819.0, 591.0][Nouvelle combi[34.68544943589745
[639.0, 231.0, 729.0, 321.0][819.0, 411.0, 909.0, 501.0][909.0, 501.0, 999.0, 591.0][999.0, 591.0, 1089.0, 681.0][Combi déjà faite[8.999983589743692
[819.0, 591.0, 909.0, 681.0][729.0, 501.0, 819.0, 591.0][639.0, 591.0, 729.0, 681.0][459.0, 411.0, 549.0, 501.0][Combi déjà faite[7.77786174358971
[369.0, 501.0, 459.0, 591.0][459.0, 411.0, 549.0, 501.0][549.0, 321.0, 639.0, 411.0][639.0, 231.0, 729.0, 321.0][Combi déjà faite[8.991392820512829

30 sec
[819.0, 411.0, 909.0, 501.0][729.0, 501.0, 819.0, 591.0][639.0, 591.0, 729.0, 681.0][819.0, 591.0, 909.0, 681.0][Nouvelle combi[10.391488410256443
[999.0, 591.0, 1089.0, 681.0][909.0, 501.0, 999.0, 591.0][819.0, 411.0, 909.0, 501.0][639.0, 231.0, 729.0, 321.0][Combi déjà faite[8.973635282051305
[549.0, 321.0, 639.0, 411.0][729.0, 501.0, 819.0, 591.0][819.0, 591.0, 909.0, 681.0][639.0, 591.0, 729.0, 681.0][Nouvelle combi[6.026627282051322
[639.0, 591.0, 729.0, 681.0][459.0, 411.0, 549.0, 501.0][549.0, 321.0, 639.0, 411.0][639.0, 231.0, 729.0, 321.0][Nouvelle combi[2.986604717948694
[639.0, 591.0, 729.0, 681.0]

Bonnes réponses=[ 9.00
Erreurs couleur:[ 1.00
Erreurs répétition:[ 4.00
Erreurs même cercle:[ 0.00
Erreurs à côté:[ 1.00
Erreurs totales:[6
Nombre de réponses:[15
Taux de réussite=[ 60.00
RTmoy reussi sec=[ 13.836
RTmoy deja fait sec=[ 8.686
RTmoy tot sec=[ 12.252
RTmax sec=[ 34.685
RTmin sec=[ 2.987

