
TACHE SPATIALE DIFFICILE FAIBLE GAIN

Coord distracteur bleu 1 [819.0, 411.0, 909.0, 501.0]
Coord distracteur bleu 2 [639.0, 591.0, 729.0, 681.0]
Coord distracteur bleu 3 [549.0, 321.0, 639.0, 411.0]
Coord distracteur rouge 1 [639.0, 231.0, 729.0, 321.0]
Coord distracteur rouge 2 [279.0, 591.0, 369.0, 681.0]

[Coord Cercle 1[Coord Cercle 2[Coord Cercle 3[Coord Cercle 4[Combi[RT
[729.0, 321.0, 819.0, 411.0][639.0, 411.0, 729.0, 501.0][459.0, 411.0, 549.0, 501.0][549.0, 501.0, 639.0, 591.0][Nouvelle combi[3.731926373803958
[999.0, 591.0, 1089.0, 681.0][909.0, 501.0, 999.0, 591.0][819.0, 591.0, 909.0, 681.0][729.0, 501.0, 819.0, 591.0][Nouvelle combi[2.6430201903424404
[729.0, 321.0, 819.0, 411.0][639.0, 411.0, 729.0, 501.0][549.0, 501.0, 639.0, 591.0][459.0, 591.0, 549.0, 681.0][Nouvelle combi[2.5079212242698077
[999.0, 591.0, 1089.0, 681.0][909.0, 501.0, 999.0, 591.0][729.0, 501.0, 819.0, 591.0][819.0, 591.0, 909.0, 681.0][Combi déjà faite
[729.0, 321.0, 819.0, 411.0][639.0, 411.0, 729.0, 501.0][549.0, 501.0, 639.0, 591.0][459.0, 591.0, 549.0, 681.0][Combi déjà faite
[909.0, 501.0, 999.0, 591.0][729.0, 501.0, 819.0, 591.0][819.0, 591.0, 909.0, 681.0][999.0, 591.0, 1089.0, 681.0][Combi déjà faite
[729.0, 321.0, 819.0, 411.0][639.0, 411.0, 729.0, 501.0][549.0, 501.0, 639.0, 591.0][459.0, 591.0, 549.0, 681.0][Combi déjà faite
[999.0, 591.0, 1089.0, 681.0][909.0, 501.0, 999.0, 591.0][729.0, 501.0, 819.0, 591.0][819.0, 591.0, 909.0, 681.0][Combi déjà faite
[459.0, 411.0, 549.0, 501.0][369.0, 501.0, 459.0, 591.0][459.0, 591.0, 549.0, 681.0][639.0, 411.0, 729.0, 501.0][Nouvelle combi[2.339248542155019
[729.0, 321.0, 819.0, 411.0][729.0, 501.0, 819.0, 591.0][819.0, 591.0, 909.0, 681.0][909.0, 501.0, 999.0, 591.0][Nouvelle combi[1.4090056131235542
[999.0, 591.0, 1089.0, 681.0][909.0, 501.0, 999.0, 591.0][819.0, 591.0, 909.0, 681.0][729.0, 501.0, 819.0, 591.0][Combi déjà faite
[729.0, 321.0, 819.0, 411.0][639.0, 411.0, 729.0, 501.0][549.0, 501.0, 639.0, 591.0][459.0, 591.0, 549.0, 681.0][Combi déjà faite
[729.0, 321.0, 819.0, 411.0][639.0, 411.0, 729.0, 501.0][549.0, 501.0, 639.0, 591.0][459.0, 591.0, 549.0, 681.0][Combi déjà faite
[729.0, 501.0, 819.0, 591.0][819.0, 591.0, 909.0, 681.0][909.0, 501.0, 999.0, 591.0][999.0, 591.0, 1089.0, 681.0][Combi déjà faite
[729.0, 321.0, 819.0, 411.0][639.0, 411.0, 729.0, 501.0][549.0, 501.0, 639.0, 591.0][459.0, 591.0, 549.0, 681.0][Combi déjà faite
[729.0, 501.0, 819.0, 591.0][909.0, 501.0, 999.0, 591.0][819.0, 591.0, 909.0, 681.0][999.0, 591.0, 1089.0, 681.0][Combi déjà faite
[999.0, 591.0, 1089.0, 681.0][909.0, 501.0, 999.0, 591.0][819.0, 591.0, 909.0, 681.0][729.0, 501.0, 819.0, 591.0][Combi déjà faite
[729.0, 321.0, 819.0, 411.0][639.0, 411.0, 729.0, 501.0][549.0, 501.0, 639.0, 591.0][459.0, 591.0, 549.0, 681.0][Combi déjà faite
[459.0, 411.0, 549.0, 501.0][369.0, 501.0, 459.0, 591.0][459.0, 591.0, 549.0, 681.0][549.0, 501.0, 639.0, 591.0][Nouvelle combi[1.66764170860165
[639.0, 411.0, 729.0, 501.0][729.0, 321.0, 819.0, 411.0][729.0, 501.0, 819.0, 591.0][819.0, 591.0, 909.0, 681.0][Nouvelle combi[1.565435433488915
[909.0, 501.0, 999.0, 591.0][999.0, 591.0, 1089.0, 681.0][729.0, 321.0, 819.0, 411.0][639.0, 411.0, 729.0, 501.0][Nouvelle combi[8.303566109894518
[549.0, 501.0, 639.0, 591.0][459.0, 591.0, 549.0, 681.0][729.0, 501.0, 819.0, 591.0][819.0, 591.0, 909.0, 681.0][Nouvelle combi[1.6820642608703338
[909.0, 501.0, 999.0, 591.0][999.0, 591.0, 1089.0, 681.0][729.0, 321.0, 819.0, 411.0][639.0, 411.0, 729.0, 501.0][Combi déjà faite
[549.0, 501.0, 639.0, 591.0][459.0, 591.0, 549.0, 681.0][459.0, 411.0, 549.0, 501.0][369.0, 501.0, 459.0, 591.0][Combi déjà faite
[729.0, 321.0, 819.0, 411.0][639.0, 411.0, 729.0, 501.0][729.0, 501.0, 819.0, 591.0][819.0, 591.0, 909.0, 681.0][Combi déjà faite
[909.0, 501.0, 999.0, 591.0][999.0, 591.0, 1089.0, 681.0][1188, 29[[A cote
[729.0, 321.0, 819.0, 411.0][639.0, 411.0, 729.0, 501.0][549.0, 501.0, 639.0, 591.0][459.0, 591.0, 549.0, 681.0][Combi déjà faite
[729.0, 501.0, 819.0, 591.0][819.0, 591.0, 909.0, 681.0][909.0, 501.0, 999.0, 591.0][999.0, 591.0, 1089.0, 681.0][Combi déjà faite
[729.0, 321.0, 819.0, 411.0][639.0, 411.0, 729.0, 501.0][549.0, 501.0, 639.0, 591.0][459.0, 591.0, 549.0, 681.0][Combi déjà faite
[729.0, 501.0, 819.0, 591.0][819.0, 591.0, 909.0, 681.0][909.0, 501.0, 999.0, 591.0][999.0, 591.0, 1089.0, 681.0][Combi déjà faite
[459.0, 411.0, 549.0, 501.0][369.0, 501.0, 459.0, 591.0][459.0, 591.0, 549.0, 681.0][549.0, 501.0, 639.0, 591.0][Combi déjà faite
[639.0, 411.0, 729.0, 501.0][729.0, 321.0, 819.0, 411.0][729.0, 501.0, 819.0, 591.0][819.0, 591.0, 909.0, 681.0][Combi déjà faite
[909.0, 501.0, 999.0, 591.0][999.0, 591.0, 1089.0, 681.0][729.0, 321.0, 819.0, 411.0][639.0, 411.0, 729.0, 501.0][Combi déjà faite
[549.0, 501.0, 639.0, 591.0][459.0, 591.0, 549.0, 681.0][729.0, 321.0, 819.0, 411.0][639.0, 411.0, 729.0, 501.0][Combi déjà faite
[729.0, 501.0, 819.0, 591.0][819.0, 591.0, 909.0, 681.0][909.0, 501.0, 999.0, 591.0][999.0, 591.0, 1089.0, 681.0][Combi déjà faite
[459.0, 411.0, 549.0, 501.0][369.0, 501.0, 459.0, 591.0][459.0, 591.0, 549.0, 681.0][549.0, 501.0, 639.0, 591.0][Combi déjà faite
[639.0, 411.0, 729.0, 501.0][729.0, 321.0, 819.0, 411.0][729.0, 501.0, 819.0, 591.0][819.0, 591.0, 909.0, 681.0][Combi déjà faite
[999.0, 591.0, 1089.0, 681.0][909.0, 501.0, 999.0, 591.0][819.0, 591.0, 909.0, 681.0][729.0, 501.0, 819.0, 591.0][Combi déjà faite
[729.0, 321.0, 819.0, 411.0][639.0, 411.0, 729.0, 501.0][549.0, 501.0, 639.0, 591.0][459.0, 591.0, 549.0, 681.0][Combi déjà faite
[459.0, 411.0, 549.0, 501.0][369.0, 501.0, 459.0, 591.0][729.0, 321.0, 819.0, 411.0][639.0, 411.0, 729.0, 501.0][Nouvelle combi[2.2530098436842536
[549.0, 501.0, 639.0, 591.0][459.0, 591.0, 549.0, 681.0][639.0, 411.0, 729.0, 501.0][729.0, 501.0, 819.0, 591.0][Nouvelle combi[2.3030118539389832
[819.0, 591.0, 909.0, 681.0][909.0, 501.0, 999.0, 591.0][999.0, 591.0, 1089.0, 681.0]
30 sec
[729.0, 501.0, 819.0, 591.0][Combi déjà faite
[729.0, 321.0, 819.0, 411.0][639.0, 411.0, 729.0, 501.0][549.0, 501.0, 639.0, 591.0][459.0, 591.0, 549.0, 681.0][Combi déjà faite
[459.0, 411.0, 549.0, 501.0][369.0, 501.0, 459.0, 591.0][729.0, 321.0, 819.0, 411.0][639.0, 411.0, 729.0, 501.0][Combi déjà faite
[549.0, 501.0, 639.0, 591.0][459.0, 591.0, 549.0, 681.0][639.0, 411.0, 729.0, 501.0][729.0, 501.0, 819.0, 591.0][Combi déjà faite
[819.0, 591.0, 909.0, 681.0][999.0, 591.0, 1089.0, 681.0][909.0, 501.0, 999.0, 591.0][729.0, 321.0, 819.0, 411.0][Nouvelle combi[2.927058521387835
[639.0, 411.0, 729.0, 501.0][549.0, 501.0, 639.0, 591.0][459.0, 591.0, 549.0, 681.0][729.0, 501.0, 819.0, 591.0][Combi déjà faite
[819.0, 591.0, 909.0, 681.0][909.0, 501.0, 999.0, 591.0][999.0, 591.0, 1089.0, 681.0][729.0, 321.0, 819.0, 411.0][Combi déjà faite
[639.0, 411.0, 729.0, 501.0][549.0, 501.0, 639.0, 591.0][459.0, 591.0, 549.0, 681.0][729.0, 501.0, 819.0, 591.0][Combi déjà faite
[819.0, 591.0, 909.0, 681.0][909.0, 501.0, 999.0, 591.0][999.0, 591.0, 1089.0, 681.0][729.0, 321.0, 819.0, 411.0][Combi déjà faite
[639.0, 411.0, 729.0, 501.0][549.0, 501.0, 639.0, 591.0][459.0, 591.0, 549.0, 681.0][729.0, 501.0, 819.0, 591.0][Combi déjà faite
[819.0, 591.0, 909.0, 681.0][909.0, 501.0, 999.0, 591.0][999.0, 591.0, 1089.0, 681.0]

Bonnes réponses=[ 12.00
Erreurs couleur:[ 0.00
Erreurs répétition:[ 38.00
Erreurs même cercle:[ 0.00
Erreurs à côté:[ 1.00
Erreurs totales:[39
Nombre de réponses:[51
Taux de réussite=[ 23.53
RTmoy sec=[ 2.778
RTmax sec=[ 8.304
RTmin sec=[ 1.409

