
TACHE SPATIALE DIFFICILE FORT GAIN

Coord distracteur bleu 1 [549.0, 501.0, 639.0, 591.0]
Coord distracteur bleu 2 [459.0, 591.0, 549.0, 681.0]
Coord distracteur bleu 3 [459.0, 411.0, 549.0, 501.0]
Coord distracteur rouge 1 [729.0, 321.0, 819.0, 411.0]
Coord distracteur rouge 2 [639.0, 231.0, 729.0, 321.0]

[Coord Cercle 1[Coord Cercle 2[Coord Cercle 3[Coord Cercle 4[Combi[RT
[549.0, 321.0, 639.0, 411.0][639.0, 411.0, 729.0, 501.0][819.0, 591.0, 909.0, 681.0][819.0, 411.0, 909.0, 501.0][Nouvelle combi[2.6187166205402264
[909.0, 501.0, 999.0, 591.0][999.0, 591.0, 1089.0, 681.0][819.0, 591.0, 909.0, 681.0][729.0, 501.0, 819.0, 591.0][Nouvelle combi[1.873753949740376
[639.0, 411.0, 729.0, 501.0][549.0, 321.0, 639.0, 411.0][819.0, 411.0, 909.0, 501.0][639.0, 591.0, 729.0, 681.0][Nouvelle combi[1.8107066168561232
[729.0, 501.0, 819.0, 591.0][819.0, 591.0, 909.0, 681.0][909.0, 501.0, 999.0, 591.0][999.0, 591.0, 1089.0, 681.0][Combi déjà faite
[819.0, 411.0, 909.0, 501.0][549.0, 321.0, 639.0, 411.0][639.0, 411.0, 729.0, 501.0][729.0, 501.0, 819.0, 591.0][Nouvelle combi[1.3175353292017462
[819.0, 591.0, 909.0, 681.0][909.0, 501.0, 999.0, 591.0][999.0, 591.0, 1089.0, 681.0][819.0, 411.0, 909.0, 501.0][Nouvelle combi[1.2099756225841247
[549.0, 321.0, 639.0, 411.0][639.0, 411.0, 729.0, 501.0][729.0, 501.0, 819.0, 591.0][819.0, 591.0, 909.0, 681.0][Nouvelle combi[6.766697627325129
[819.0, 411.0, 909.0, 501.0][909.0, 501.0, 999.0, 591.0][999.0, 591.0, 1089.0, 681.0][549.0, 321.0, 639.0, 411.0][Nouvelle combi[2.025702543013267
[639.0, 411.0, 729.0, 501.0][729.0, 501.0, 819.0, 591.0][819.0, 591.0, 909.0, 681.0][819.0, 411.0, 909.0, 501.0][Nouvelle combi[1.5166613196624894
[909.0, 501.0, 999.0, 591.0][999.0, 591.0, 1089.0, 681.0][819.0, 591.0, 909.0, 681.0][639.0, 591.0, 729.0, 681.0][Nouvelle combi[1.504873431898659
[729.0, 501.0, 819.0, 591.0][639.0, 411.0, 729.0, 501.0][819.0, 411.0, 909.0, 501.0][549.0, 321.0, 639.0, 411.0][Combi déjà faite
[369.0, 501.0, 459.0, 591.0][279.0, 591.0, 369.0, 681.0][549.0, 321.0, 639.0, 411.0][639.0, 411.0, 729.0, 501.0][Nouvelle combi[8.576587014082406
[729.0, 501.0, 819.0, 591.0][819.0, 591.0, 909.0, 681.0][819.0, 411.0, 909.0, 501.0][909.0, 501.0, 999.0, 591.0][Nouvelle combi[1.765514448808517
[999.0, 591.0, 1089.0, 681.0][909.0, 501.0, 999.0, 591.0][819.0, 591.0, 909.0, 681.0][729.0, 501.0, 819.0, 591.0][Combi déjà faite
[639.0, 411.0, 729.0, 501.0][549.0, 321.0, 639.0, 411.0][819.0, 411.0, 909.0, 501.0][729.0, 501.0, 819.0, 591.0][Combi déjà faite
[639.0, 591.0, 729.0, 681.0][819.0, 591.0, 909.0, 681.0][909.0, 501.0, 999.0, 591.0][999.0, 591.0, 1089.0, 681.0][Combi déjà faite
[819.0, 411.0, 909.0, 501.0][729.0, 501.0, 819.0, 591.0][639.0, 411.0, 729.0, 501.0][549.0, 321.0, 639.0, 411.0][Combi déjà faite
[369.0, 501.0, 459.0, 591.0][279.0, 591.0, 369.0, 681.0][819.0, 411.0, 909.0, 501.0][909.0, 501.0, 999.0, 591.0][Nouvelle combi[14.272553622520036
[999.0, 591.0, 1089.0, 681.0][819.0, 591.0, 909.0, 681.0][729.0, 501.0, 819.0, 591.0][639.0, 411.0, 729.0, 501.0][Nouvelle combi[1.5379117637646686
[549.0, 321.0, 639.0, 411.0][639.0, 591.0, 729.0, 681.0][819.0, 411.0, 909.0, 501.0][729.0, 501.0, 819.0, 591.0][Nouvelle combi[1.483656628794506
[819.0, 591.0, 909.0, 681.0][909.0, 501.0, 999.0, 591.0][999.0, 591.0, 1089.0, 681.0][639.0, 411.0, 729.0, 501.0][Nouvelle combi[1.680634928709651
[549.0, 321.0, 639.0, 411.0][369.0, 501.0, 459.0, 591.0][279.0, 591.0, 369.0, 681.0][639.0, 411.0, 729.0, 501.0][Combi déjà faite
[729.0, 501.0, 819.0, 591.0][819.0, 591.0, 909.0, 681.0][999.0, 591.0, 1089.0, 681.0][909.0, 501.0, 999.0, 591.0][Combi déjà faite
[819.0, 411.0, 909.0, 501.0][639.0, 411.0, 729.0, 501.0][549.0, 321.0, 639.0, 411.0][729.0, 501.0, 819.0, 591.0][Combi déjà faite
[819.0, 591.0, 909.0, 681.0][639.0, 591.0, 729.0, 681.0][369.0, 501.0, 459.0, 591.0][279.0, 591.0, 369.0, 681.0][Nouvelle combi[1.4388972809047118
[819.0, 411.0, 909.0, 501.0][909.0, 501.0, 999.0, 591.0][999.0, 591.0, 1089.0, 681.0][819.0, 591.0, 909.0, 681.0][Combi déjà faite
[819.0, 591.0, 909.0, 681.0][729.0, 501.0, 819.0, 591.0][639.0, 411.0, 729.0, 501.0][549.0, 321.0, 639.0, 411.0][Combi déjà faite
[369.0, 501.0, 459.0, 591.0][279.0, 591.0, 369.0, 681.0][639.0, 591.0, 729.0, 681.0][819.0, 591.0, 909.0, 681.0][Combi déjà faite
[729.0, 501.0, 819.0, 591.0][639.0, 411.0, 729.0, 501.0][549.0, 321.0, 639.0, 411.0][819.0, 411.0, 909.0, 501.0][Combi déjà faite
[909.0, 501.0, 999.0, 591.0][999.0, 591.0, 1089.0, 681.0][819.0, 411.0, 909.0, 501.0][819.0, 591.0, 909.0, 681.0][Combi déjà faite
[729.0, 501.0, 819.0, 591.0][639.0, 411.0, 729.0, 501.0][549.0, 321.0, 639.0, 411.0][639.0, 591.0, 729.0, 681.0][Nouvelle combi[2.427868777133199
[369.0, 501.0, 459.0, 591.0][279.0, 591.0, 369.0, 681.0][549.0, 321.0, 639.0, 411.0][639.0, 411.0, 729.0, 501.0][Combi déjà faite
[729.0, 501.0, 819.0, 591.0][819.0, 591.0, 909.0, 681.0][819.0, 411.0, 909.0, 501.0][909.0, 501.0, 999.0, 591.0][Combi déjà faite
[999.0, 591.0, 1089.0, 681.0][639.0, 591.0, 729.0, 681.0][549.0, 321.0, 639.0, 411.0][639.0, 411.0, 729.0, 501.0][Nouvelle combi[10.97462484133348
[729.0, 501.0, 819.0, 591.0][1293, 894[[[A cote
[819.0, 591.0, 909.0, 681.0][1363, 901[[[A cote
[999.0, 591.0, 1089.0, 681.0][909.0, 501.0, 999.0, 591.0][819.0, 411.0, 909.0, 501.0][639.0, 591.0, 729.0, 681.0][Nouvelle combi[2.859246064208264
[369.0, 501.0, 459.0, 591.0][279.0, 591.0, 369.0, 681.0][549.0, 321.0, 639.0, 411.0][639.0, 411.0, 729.0, 501.0][Combi déjà faite
[729.0, 501.0, 819.0, 591.0][819.0, 591.0, 909.0, 681.0][819.0, 411.0, 909.0, 501.0][909.0, 501.0, 999.0, 591.0][Combi déjà faite
[999.0, 591.0, 1089.0, 681.0][639.0, 591.0, 729.0, 681.0][639.0, 411.0, 729.0, 501.0][549.0, 321.0, 639.0, 411.0][Combi déjà faite
[369.0, 501.0, 459.0, 591.0][279.0, 591.0, 369.0, 681.0][549.0, 321.0, 639.0, 411.0][639.0, 411.0, 729.0, 501.0][Combi déjà faite
[729.0, 501.0, 819.0, 591.0][819.0, 591.0, 909.0, 681.0][909.0, 501.0, 999.0, 591.0]
30 sec
[999.0, 591.0, 1089.0, 681.0][Combi déjà faite
[639.0, 591.0, 729.0, 681.0][639.0, 411.0, 729.0, 501.0][549.0, 321.0, 639.0, 411.0][369.0, 501.0, 459.0, 591.0][Nouvelle combi[1.6634460197365115
[279.0, 591.0, 369.0, 681.0][819.0, 411.0, 909.0, 501.0][909.0, 501.0, 999.0, 591.0][999.0, 591.0, 1089.0, 681.0][Nouvelle combi[11.914911659559493
[819.0, 591.0, 909.0, 681.0][729.0, 501.0, 819.0, 591.0][639.0, 411.0, 729.0, 501.0][549.0, 321.0, 639.0, 411.0][Combi déjà faite
[639.0, 591.0, 729.0, 681.0][369.0, 501.0, 459.0, 591.0][279.0, 591.0, 369.0, 681.0][549.0, 321.0, 639.0, 411.0][Nouvelle combi[1.7383419582833994


Bonnes réponses=[ 22.00
Erreurs couleur:[ 0.00
Erreurs répétition:[ 22.00
Erreurs même cercle:[ 0.00
Erreurs à côté:[ 2.00
Erreurs totales:[24
Nombre de réponses:[46
Taux de réussite=[ 47.83
RTmoy sec=[ 3.772
RTmax sec=[ 14.273
RTmin sec=[ 1.210

