
TACHE SPATIALE DIFFICILE FAIBLE GAIN

Coord distracteur bleu 1 [549.0, 321.0, 639.0, 411.0]
Coord distracteur bleu 2 [459.0, 591.0, 549.0, 681.0]
Coord distracteur bleu 3 [369.0, 501.0, 459.0, 591.0]
Coord distracteur rouge 1 [549.0, 501.0, 639.0, 591.0]
Coord distracteur rouge 2 [639.0, 411.0, 729.0, 501.0]

[Coord Cercle 1[Coord Cercle 2[Coord Cercle 3[Coord Cercle 4[Combi[RT
[999.0, 591.0, 1089.0, 681.0][909.0, 501.0, 999.0, 591.0][819.0, 591.0, 909.0, 681.0][819.0, 411.0, 909.0, 501.0][Nouvelle combi[3.422348307692289
[729.0, 501.0, 819.0, 591.0][729.0, 321.0, 819.0, 411.0][639.0, 231.0, 729.0, 321.0][459.0, 411.0, 549.0, 501.0][Nouvelle combi[3.9556209230768786
[819.0, 411.0, 909.0, 501.0][729.0, 501.0, 819.0, 591.0][729.0, 321.0, 819.0, 411.0][639.0, 231.0, 729.0, 321.0][Nouvelle combi[3.5546572307691804
[909.0, 501.0, 999.0, 591.0][819.0, 591.0, 909.0, 681.0][729.0, 501.0, 819.0, 591.0][819.0, 411.0, 909.0, 501.0][Nouvelle combi[2.8183450256410083
[639.0, 591.0, 729.0, 681.0][459.0, 411.0, 549.0, 501.0][279.0, 591.0, 369.0, 681.0][639.0, 231.0, 729.0, 321.0][Nouvelle combi[3.4394153846153586
[729.0, 321.0, 819.0, 411.0][819.0, 411.0, 909.0, 501.0][909.0, 501.0, 999.0, 591.0][729.0, 501.0, 819.0, 591.0][Nouvelle combi[3.9061854358974415
[639.0, 231.0, 729.0, 321.0][459.0, 411.0, 549.0, 501.0][729.0, 321.0, 819.0, 411.0][729.0, 501.0, 819.0, 591.0][Combi déjà faite[3.382644102564143
[819.0, 591.0, 909.0, 681.0][909.0, 501.0, 999.0, 591.0][999.0, 591.0, 1089.0, 681.0][729.0, 501.0, 819.0, 591.0][Nouvelle combi[3.2787072820513004
[819.0, 411.0, 909.0, 501.0][729.0, 501.0, 819.0, 591.0][909.0, 501.0, 999.0, 591.0][819.0, 591.0, 909.0, 681.0][Combi déjà faite[3.1715224615384727
[729.0, 321.0, 819.0, 411.0][639.0, 231.0, 729.0, 321.0][819.0, 411.0, 909.0, 501.0][729.0, 501.0, 819.0, 591.0][Combi déjà faite[2.9747839999999997
[639.0, 591.0, 729.0, 681.0][729.0, 501.0, 819.0, 591.0][819.0, 591.0, 909.0, 681.0][909.0, 501.0, 999.0, 591.0][Nouvelle combi[3.0430494358974443
[819.0, 411.0, 909.0, 501.0][729.0, 321.0, 819.0, 411.0][639.0, 231.0, 729.0, 321.0][459.0, 411.0, 549.0, 501.0][Nouvelle combi[3.2557821538461553
[639.0, 591.0, 729.0, 681.0][729.0, 501.0, 819.0, 591.0][819.0, 411.0, 909.0, 501.0][729.0, 321.0, 819.0, 411.0][Nouvelle combi[3.1712036923076425
[819.0, 591.0, 909.0, 681.0][909.0, 501.0, 999.0, 591.0][819.0, 411.0, 909.0, 501.0][729.0, 501.0, 819.0, 591.0][Combi déjà faite[3.7255930256410466
[999.0, 591.0, 1089.0, 681.0][909.0, 501.0, 999.0, 591.0][819.0, 411.0, 909.0, 501.0][729.0, 501.0, 819.0, 591.0][Nouvelle combi[3.7703035897436052
[279.0, 591.0, 369.0, 681.0][459.0, 411.0, 549.0, 501.0][639.0, 231.0, 729.0, 321.0][729.0, 321.0, 819.0, 411.0][Nouvelle combi[4.233447384615374
[819.0, 411.0, 909.0, 501.0][729.0, 501.0, 819.0, 591.0][639.0, 591.0, 729.0, 681.0][819.0, 591.0, 909.0, 681.0][Nouvelle combi[3.2257435897436153
[999.0, 591.0, 1089.0, 681.0][909.0, 501.0, 999.0, 591.0][819.0, 591.0, 909.0, 681.0][729.0, 501.0, 819.0, 591.0][Combi déjà faite[6.624134564102576
[999.0, 591.0, 1089.0, 681.0][909.0, 501.0, 999.0, 591.0][819.0, 411.0, 909.0, 501.0][819.0, 411.0, 909.0, 501.0][Meme cercle
[729.0, 321.0, 819.0, 411.0][819.0, 591.0, 909.0, 681.0][819.0, 591.0, 909.0, 681.0][[Meme cercle
[909.0, 501.0, 999.0, 591.0][999.0, 591.0, 1089.0, 681.0][819.0, 591.0, 909.0, 681.0][819.0, 411.0, 909.0, 501.0][Combi déjà faite[2.4960348717948477
[729.0, 501.0, 819.0, 591.0][819.0, 411.0, 909.0, 501.0][729.0, 321.0, 819.0, 411.0][819.0, 591.0, 909.0, 681.0][Nouvelle combi[3.0633033846154376
[909.0, 501.0, 999.0, 591.0][819.0, 411.0, 909.0, 501.0][729.0, 321.0, 819.0, 411.0][729.0, 321.0, 819.0, 411.0][Meme cercle
[729.0, 501.0, 819.0, 591.0][819.0, 591.0, 909.0, 681.0][909.0, 501.0, 999.0, 591.0][999.0, 591.0, 1089.0, 681.0][Combi déjà faite[4.187502358974314
[639.0, 591.0, 729.0, 681.0][729.0, 501.0, 819.0, 591.0][819.0, 411.0, 909.0, 501.0][729.0, 321.0, 819.0, 411.0][Combi déjà faite[4.11754051282054
[819.0, 591.0, 909.0, 681.0][819.0, 591.0, 909.0, 681.0][[[Meme cercle
[459.0, 411.0, 549.0, 501.0][639.0, 231.0, 729.0, 321.0][279.0, 591.0, 369.0, 681.0][639.0, 591.0, 729.0, 681.0][Combi déjà faite[4.340454974358977
[729.0, 501.0, 819.0, 591.0][819.0, 411.0, 909.0, 501.0][729.0, 321.0, 819.0, 411.0][639.0, 231.0, 729.0, 321.0][Combi déjà faite[3.31067446153844
[639.0, 591.0, 729.0, 681.0][729.0, 501.0, 819.0, 591.0][819.0, 411.0, 909.0, 501.0][819.0, 411.0, 909.0, 501.0][Meme cercle
[909.0, 501.0, 999.0, 591.0][819.0, 591.0, 909.0, 681.0][999.0, 591.0, 1089.0, 681.0][819.0, 411.0, 909.0, 501.0][Combi déjà faite[3.5373456410255812
[999.0, 591.0, 1089.0, 681.0][909.0, 501.0, 999.0, 591.0][819.0, 411.0, 909.0, 501.0][729.0, 501.0, 819.0, 591.0][Combi déjà faite[25.120774974358937
[819.0, 591.0, 909.0, 681.0][909.0, 501.0, 999.0, 591.0][819.0, 411.0, 909.0, 501.0][729.0, 321.0, 819.0, 411.0][Nouvelle combi[2.676791384615285
[639.0, 231.0, 729.0, 321.0][729.0, 321.0, 819.0, 411.0][729.0, 501.0, 819.0, 591.0][819.0, 411.0, 909.0, 501.0][Combi déjà faite[3.1714100512821233
[639.0, 231.0, 729.0, 321.0][459.0, 411.0, 549.0, 501.0][639.0, 591.0, 729.0, 681.0][729.0, 501.0, 819.0, 591.0][Nouvelle combi[3.755279179487161
[819.0, 591.0, 909.0, 681.0][729.0, 501.0, 819.0, 591.0][639.0, 591.0, 729.0, 681.0][279.0, 591.0, 369.0, 681.0][Nouvelle combi[3.1847901538461656
[999.0, 591.0, 1089.0, 681.0][909.0, 501.0, 999.0, 591.0][819.0, 411.0, 909.0, 501.0][729.0, 501.0, 819.0, 591.0][Combi déjà faite[3.2887277948718747
[819.0, 591.0, 909.0, 681.0][639.0, 591.0, 729.0, 681.0]
30 sec
[729.0, 501.0, 819.0, 591.0][819.0, 411.0, 909.0, 501.0][Combi déjà faite[2.9262166153846465
[909.0, 501.0, 999.0, 591.0][819.0, 591.0, 909.0, 681.0][729.0, 321.0, 819.0, 411.0][639.0, 231.0, 729.0, 321.0][Nouvelle combi[4.301860923076902
[639.0, 591.0, 729.0, 681.0][729.0, 501.0, 819.0, 591.0][819.0, 411.0, 909.0, 501.0][909.0, 501.0, 999.0, 591.0][Nouvelle combi[3.293837128205155
[729.0, 321.0, 819.0, 411.0][819.0, 411.0, 909.0, 501.0][909.0, 501.0, 999.0, 591.0][999.0, 591.0, 1089.0, 681.0][Nouvelle combi[3.559951589743605
[639.0, 231.0, 729.0, 321.0][729.0, 321.0, 819.0, 411.0][819.0, 411.0, 909.0, 501.0][729.0, 501.0, 819.0, 591.0][Combi déjà faite[4.409906051282064
[639.0, 231.0, 729.0, 321.0][459.0, 411.0, 549.0, 501.0][639.0, 591.0, 729.0, 681.0][729.0, 501.0, 819.0, 591.0][Combi déjà faite[4.512841025641023
[729.0, 321.0, 819.0, 411.0][819.0, 411.0, 909.0, 501.0][729.0, 501.0, 819.0, 591.0][639.0, 591.0, 729.0, 681.0][Combi déjà faite[3.7008968205128667
[909.0, 501.0, 999.0, 591.0][819.0, 591.0, 909.0, 681.0][819.0, 411.0, 909.0, 501.0][729.0, 501.0, 819.0, 591.0]

Bonnes réponses=[ 20.00
Erreurs couleur:[ 0.00
Erreurs répétition:[ 18.00
Erreurs même cercle:[ 5.00
Erreurs à côté:[ 0.00
Erreurs totales:[23
Nombre de réponses:[43
Taux de réussite=[ 46.51
RTmoy reussi sec=[ 3.446
RTmoy deja fait sec=[ 5.171
RTmoy tot sec=[ 4.263
RTmax sec=[ 4.302
RTmin sec=[ 2.677

[Combi déjà faite[4.078666256410315
