
TACHE SPATIALE DIFFICILE FORT GAIN

Coord distracteur bleu 1 [819.0, 591.0, 909.0, 681.0]
Coord distracteur bleu 2 [729.0, 501.0, 819.0, 591.0]
Coord distracteur bleu 3 [549.0, 501.0, 639.0, 591.0]
Coord distracteur rouge 1 [729.0, 321.0, 819.0, 411.0]
Coord distracteur rouge 2 [999.0, 591.0, 1089.0, 681.0]

[Coord Cercle 1[Coord Cercle 2[Coord Cercle 3[Coord Cercle 4[Combi[RT
[909.0, 501.0, 999.0, 591.0][819.0, 411.0, 909.0, 501.0][639.0, 411.0, 729.0, 501.0][639.0, 591.0, 729.0, 681.0][639.0, 591.0, 729.0, 681.0][Nouvelle combi[4.290658871794875
[[[[Meme cercle
[639.0, 231.0, 729.0, 321.0][549.0, 321.0, 639.0, 411.0][459.0, 411.0, 549.0, 501.0][369.0, 501.0, 459.0, 591.0][Nouvelle combi[3.9000402051281924
[549.0, 321.0, 639.0, 411.0][639.0, 411.0, 729.0, 501.0][819.0, 411.0, 909.0, 501.0][639.0, 591.0, 729.0, 681.0][Nouvelle combi[4.88706953846156
[459.0, 591.0, 549.0, 681.0][639.0, 591.0, 729.0, 681.0][639.0, 411.0, 729.0, 501.0][459.0, 411.0, 549.0, 501.0][Nouvelle combi[3.9945390769230755
[819.0, 411.0, 909.0, 501.0][909.0, 501.0, 999.0, 591.0][639.0, 591.0, 729.0, 681.0][639.0, 411.0, 729.0, 501.0][Combi déjà faite[3.8234994871794754
[639.0, 231.0, 729.0, 321.0][639.0, 411.0, 729.0, 501.0][819.0, 411.0, 909.0, 501.0][639.0, 591.0, 729.0, 681.0][Nouvelle combi[4.546132102564087
[639.0, 231.0, 729.0, 321.0][639.0, 411.0, 729.0, 501.0][639.0, 591.0, 729.0, 681.0][819.0, 411.0, 909.0, 501.0][Combi déjà faite[8.024731487179508
[639.0, 231.0, 729.0, 321.0][639.0, 411.0, 729.0, 501.0][819.0, 411.0, 909.0, 501.0][909.0, 501.0, 999.0, 591.0][Nouvelle combi[3.4600935384615354
[549.0, 321.0, 639.0, 411.0][639.0, 411.0, 729.0, 501.0][459.0, 591.0, 549.0, 681.0][639.0, 591.0, 729.0, 681.0][Nouvelle combi[3.479079384615403
[639.0, 231.0, 729.0, 321.0][639.0, 411.0, 729.0, 501.0][819.0, 411.0, 909.0, 501.0][639.0, 591.0, 729.0, 681.0][Combi déjà faite[3.3995602051282106
[549.0, 321.0, 639.0, 411.0][639.0, 411.0, 729.0, 501.0][639.0, 591.0, 729.0, 681.0][639.0, 591.0, 729.0, 681.0][Meme cercle
[819.0, 411.0, 909.0, 501.0][639.0, 231.0, 729.0, 321.0][549.0, 321.0, 639.0, 411.0][639.0, 411.0, 729.0, 501.0][Nouvelle combi[4.189289435897422
[639.0, 231.0, 729.0, 321.0][639.0, 411.0, 729.0, 501.0][459.0, 591.0, 549.0, 681.0][279.0, 591.0, 369.0, 681.0][Nouvelle combi[3.3808307692307835
[909.0, 501.0, 999.0, 591.0][819.0, 411.0, 909.0, 501.0][639.0, 591.0, 729.0, 681.0][639.0, 411.0, 729.0, 501.0][Combi déjà faite[4.025930256410277
[459.0, 591.0, 549.0, 681.0][369.0, 501.0, 459.0, 591.0][459.0, 411.0, 549.0, 501.0][549.0, 321.0, 639.0, 411.0][Nouvelle combi[4.17796143589743
[639.0, 231.0, 729.0, 321.0][549.0, 321.0, 639.0, 411.0][549.0, 321.0, 639.0, 411.0][[Meme cercle
[639.0, 411.0, 729.0, 501.0][819.0, 411.0, 909.0, 501.0][639.0, 591.0, 729.0, 681.0][909.0, 501.0, 999.0, 591.0][Combi déjà faite[4.611338256410249
[639.0, 231.0, 729.0, 321.0][549.0, 321.0, 639.0, 411.0][549.0, 321.0, 639.0, 411.0][[Meme cercle
[459.0, 411.0, 549.0, 501.0][639.0, 411.0, 729.0, 501.0][639.0, 591.0, 729.0, 681.0][459.0, 591.0, 549.0, 681.0][Combi déjà faite[4.07125456410256
[819.0, 411.0, 909.0, 501.0][909.0, 501.0, 999.0, 591.0][639.0, 411.0, 729.0, 501.0][639.0, 591.0, 729.0, 681.0][Combi déjà faite[3.983243487179493
[459.0, 591.0, 549.0, 681.0][369.0, 501.0, 459.0, 591.0][459.0, 411.0, 549.0, 501.0][639.0, 411.0, 729.0, 501.0][Nouvelle combi[3.4013390769230796
[639.0, 591.0, 729.0, 681.0][459.0, 591.0, 549.0, 681.0][549.0, 321.0, 639.0, 411.0][639.0, 231.0, 729.0, 321.0][Nouvelle combi[3.6771778461538247
[909.0, 501.0, 999.0, 591.0][819.0, 411.0, 909.0, 501.0][639.0, 591.0, 729.0, 681.0][639.0, 411.0, 729.0, 501.0][Combi déjà faite[6.162584205128212
[639.0, 231.0, 729.0, 321.0][549.0, 321.0, 639.0, 411.0][639.0, 411.0, 729.0, 501.0][819.0, 411.0, 909.0, 501.0][Combi déjà faite[7.2362912820512975
[549.0, 321.0, 639.0, 411.0][639.0, 411.0, 729.0, 501.0][459.0, 411.0, 549.0, 501.0][459.0, 591.0, 549.0, 681.0][Nouvelle combi[3.6003651282051123
[639.0, 591.0, 729.0, 681.0][819.0, 411.0, 909.0, 501.0][909.0, 501.0, 999.0, 591.0][639.0, 411.0, 729.0, 501.0][Combi déjà faite[3.9440521025641146
[459.0, 591.0, 549.0, 681.0][459.0, 411.0, 549.0, 501.0][369.0, 501.0, 459.0, 591.0][549.0, 321.0, 639.0, 411.0][Combi déjà faite[4.109994666666694
[639.0, 411.0, 729.0, 501.0][639.0, 231.0, 729.0, 321.0][549.0, 321.0, 639.0, 411.0][819.0, 411.0, 909.0, 501.0][Combi déjà faite[4.230148512820506
[639.0, 591.0, 729.0, 681.0][639.0, 411.0, 729.0, 501.0][819.0, 411.0, 909.0, 501.0][909.0, 501.0, 999.0, 591.0][Combi déjà faite[4.567550769230763
[549.0, 321.0, 639.0, 411.0][639.0, 231.0, 729.0, 321.0][639.0, 231.0, 729.0, 321.0][[Meme cercle
[639.0, 411.0, 729.0, 501.0][459.0, 411.0, 549.0, 501.0][639.0, 591.0, 729.0, 681.0][459.0, 591.0, 549.0, 681.0][Combi déjà faite[3.892198564102557
[819.0, 411.0, 909.0, 501.0][639.0, 231.0, 729.0, 321.0][639.0, 231.0, 729.0, 321.0][[Meme cercle
[549.0, 321.0, 639.0, 411.0][639.0, 411.0, 729.0, 501.0][819.0, 411.0, 909.0, 501.0][639.0, 591.0, 729.0, 681.0][Combi déjà faite[3.706849230769251
[639.0, 231.0, 729.0, 321.0][639.0, 411.0, 729.0, 501.0][549.0, 321.0, 639.0, 411.0][819.0, 411.0, 909.0, 501.0][Combi déjà faite[3.149963076923086
[639.0, 591.0, 729.0, 681.0][639.0, 591.0, 729.0, 681.0][[[Meme cercle
[639.0, 411.0, 729.0, 501.0][549.0, 321.0, 639.0, 411.0][459.0, 411.0, 549.0, 501.0][459.0, 591.0, 549.0, 681.0][Combi déjà faite[4.186050871794919

30 sec
[639.0, 591.0, 729.0, 681.0][639.0, 411.0, 729.0, 501.0][819.0, 411.0, 909.0, 501.0][909.0, 501.0, 999.0, 591.0][Combi déjà faite[4.835078153846155
[549.0, 321.0, 639.0, 411.0][639.0, 231.0, 729.0, 321.0][459.0, 411.0, 549.0, 501.0][369.0, 501.0, 459.0, 591.0][Combi déjà faite[3.527012102564072
[459.0, 591.0, 549.0, 681.0][639.0, 591.0, 729.0, 681.0][639.0, 411.0, 729.0, 501.0][549.0, 321.0, 639.0, 411.0][Combi déjà faite[3.463015794871751
[819.0, 411.0, 909.0, 501.0][909.0, 501.0, 999.0, 591.0][639.0, 591.0, 729.0, 681.0][639.0, 411.0, 729.0, 501.0][Combi déjà faite[3.5288722051282093
[639.0, 231.0, 729.0, 321.0][639.0, 411.0, 729.0, 501.0][639.0, 411.0, 729.0, 501.0][[Meme cercle
[819.0, 411.0, 909.0, 501.0][909.0, 501.0, 999.0, 591.0][639.0, 591.0, 729.0, 681.0][639.0, 411.0, 729.0, 501.0][639.0, 411.0, 729.0, 501.0][Combi déjà faite[2.759704615384635
[[[[Meme cercle
[459.0, 591.0, 549.0, 681.0][459.0, 411.0, 549.0, 501.0][549.0, 321.0, 639.0, 411.0][639.0, 411.0, 729.0, 501.0][Combi déjà faite[3.2623573333332843
[819.0, 411.0, 909.0, 501.0][639.0, 231.0, 729.0, 321.0][549.0, 321.0, 639.0, 411.0][639.0, 411.0, 729.0, 501.0][Combi déjà faite[3.429112205128206
[909.0, 501.0, 999.0, 591.0][819.0, 411.0, 909.0, 501.0][639.0, 411.0, 729.0, 501.0]

Bonnes réponses=[ 13.00
Erreurs couleur:[ 0.00
Erreurs répétition:[ 24.00
Erreurs même cercle:[ 9.00
Erreurs à côté:[ 0.00
Erreurs totales:[33
Nombre de réponses:[46
Taux de réussite=[ 28.26
RTmoy reussi sec=[ 3.922
RTmoy deja fait sec=[ 4.247
RTmoy tot sec=[ 4.133
RTmax sec=[ 4.887
RTmin sec=[ 3.381

