
TACHE SPATIALE DIFFICILE FORT GAIN

Coord distracteur bleu 1 [819.0, 591.0, 909.0, 681.0]
Coord distracteur bleu 2 [639.0, 231.0, 729.0, 321.0]
Coord distracteur bleu 3 [279.0, 591.0, 369.0, 681.0]
Coord distracteur rouge 1 [999.0, 591.0, 1089.0, 681.0]
Coord distracteur rouge 2 [729.0, 501.0, 819.0, 591.0]

[Coord Cercle 1[Coord Cercle 2[Coord Cercle 3[Coord Cercle 4[Combi[RT
[549.0, 501.0, 639.0, 591.0][639.0, 411.0, 729.0, 501.0][729.0, 321.0, 819.0, 411.0][819.0, 411.0, 909.0, 501.0][Nouvelle combi[3.671991794871815
[369.0, 501.0, 459.0, 591.0][459.0, 591.0, 549.0, 681.0][549.0, 501.0, 639.0, 591.0][459.0, 411.0, 549.0, 501.0][Nouvelle combi[3.3450022564102255
[549.0, 321.0, 639.0, 411.0][639.0, 411.0, 729.0, 501.0][729.0, 321.0, 819.0, 411.0][819.0, 411.0, 909.0, 501.0][Nouvelle combi[3.1631064615384616
[909.0, 501.0, 999.0, 591.0][639.0, 591.0, 729.0, 681.0][369.0, 501.0, 459.0, 591.0][459.0, 591.0, 549.0, 681.0][Nouvelle combi[3.000349538461535
[549.0, 501.0, 639.0, 591.0][459.0, 411.0, 549.0, 501.0][639.0, 411.0, 729.0, 501.0][549.0, 321.0, 639.0, 411.0][Nouvelle combi[1.783667692307688
[729.0, 321.0, 819.0, 411.0][819.0, 411.0, 909.0, 501.0][909.0, 501.0, 999.0, 591.0][639.0, 591.0, 729.0, 681.0][Nouvelle combi[2.583353846153841
[639.0, 411.0, 729.0, 501.0][459.0, 591.0, 549.0, 681.0][639.0, 591.0, 729.0, 681.0][549.0, 501.0, 639.0, 591.0][Nouvelle combi[2.966025435897393
[369.0, 501.0, 459.0, 591.0][459.0, 411.0, 549.0, 501.0][549.0, 321.0, 639.0, 411.0][909.0, 501.0, 999.0, 591.0][Nouvelle combi[3.677761641025654
[819.0, 411.0, 909.0, 501.0][729.0, 321.0, 819.0, 411.0][639.0, 411.0, 729.0, 501.0][549.0, 501.0, 639.0, 591.0][Combi déjà faite
[459.0, 591.0, 549.0, 681.0][369.0, 501.0, 459.0, 591.0][459.0, 411.0, 549.0, 501.0][549.0, 321.0, 639.0, 411.0][Nouvelle combi[5.628429948717951
[639.0, 411.0, 729.0, 501.0][729.0, 321.0, 819.0, 411.0][819.0, 411.0, 909.0, 501.0][909.0, 501.0, 999.0, 591.0][Nouvelle combi[3.9366888205128134
[639.0, 591.0, 729.0, 681.0][549.0, 501.0, 639.0, 591.0][639.0, 411.0, 729.0, 501.0][459.0, 411.0, 549.0, 501.0][Nouvelle combi[2.347757538461508
[549.0, 321.0, 639.0, 411.0][369.0, 501.0, 459.0, 591.0][459.0, 591.0, 549.0, 681.0][549.0, 501.0, 639.0, 591.0][Nouvelle combi[3.2577899487179707
[639.0, 591.0, 729.0, 681.0][459.0, 411.0, 549.0, 501.0][729.0, 321.0, 819.0, 411.0][819.0, 411.0, 909.0, 501.0][Nouvelle combi[3.440056205128201
[909.0, 501.0, 999.0, 591.0][549.0, 321.0, 639.0, 411.0][639.0, 411.0, 729.0, 501.0][369.0, 501.0, 459.0, 591.0][Nouvelle combi[5.0794748717949005
[459.0, 591.0, 549.0, 681.0][549.0, 501.0, 639.0, 591.0][459.0, 411.0, 549.0, 501.0][639.0, 591.0, 729.0, 681.0][Nouvelle combi[2.315530256410284
[729.0, 321.0, 819.0, 411.0][819.0, 411.0, 909.0, 501.0][909.0, 501.0, 999.0, 591.0][639.0, 411.0, 729.0, 501.0][Combi déjà faite
[549.0, 321.0, 639.0, 411.0][459.0, 411.0, 549.0, 501.0][549.0, 501.0, 639.0, 591.0][639.0, 591.0, 729.0, 681.0][Nouvelle combi[3.75935056410259
[639.0, 411.0, 729.0, 501.0][729.0, 321.0, 819.0, 411.0][819.0, 411.0, 909.0, 501.0][909.0, 501.0, 999.0, 591.0][Combi déjà faite
[639.0, 591.0, 729.0, 681.0][549.0, 501.0, 639.0, 591.0][639.0, 411.0, 729.0, 501.0][549.0, 321.0, 639.0, 411.0][Nouvelle combi[2.6589517948718253
[459.0, 411.0, 549.0, 501.0][369.0, 501.0, 459.0, 591.0][459.0, 591.0, 549.0, 681.0][549.0, 501.0, 639.0, 591.0][Combi déjà faite
[639.0, 411.0, 729.0, 501.0][729.0, 321.0, 819.0, 411.0][819.0, 411.0, 909.0, 501.0][909.0, 501.0, 999.0, 591.0][Combi déjà faite
[639.0, 591.0, 729.0, 681.0][459.0, 591.0, 549.0, 681.0][549.0, 501.0, 639.0, 591.0][639.0, 411.0, 729.0, 501.0][Combi déjà faite
[729.0, 321.0, 819.0, 411.0][549.0, 321.0, 639.0, 411.0][459.0, 411.0, 549.0, 501.0][369.0, 501.0, 459.0, 591.0][Nouvelle combi[1.4804541538461535
[729.0, 321.0, 819.0, 411.0][819.0, 411.0, 909.0, 501.0][909.0, 501.0, 999.0, 591.0][639.0, 591.0, 729.0, 681.0][Combi déjà faite
[639.0, 411.0, 729.0, 501.0][549.0, 321.0, 639.0, 411.0][459.0, 411.0, 549.0, 501.0][369.0, 501.0, 459.0, 591.0][Nouvelle combi[1.5025755897435715
[459.0, 591.0, 549.0, 681.0][549.0, 501.0, 639.0, 591.0][639.0, 591.0, 729.0, 681.0][909.0, 501.0, 999.0, 591.0][Nouvelle combi[1.6631716923076851
[819.0, 411.0, 909.0, 501.0][729.0, 321.0, 819.0, 411.0][549.0, 321.0, 639.0, 411.0][459.0, 411.0, 549.0, 501.0][Nouvelle combi[1.7269718974358739
[549.0, 501.0, 639.0, 591.0][639.0, 591.0, 729.0, 681.0][459.0, 591.0, 549.0, 681.0][369.0, 501.0, 459.0, 591.0][Nouvelle combi[1.574710974358993
[819.0, 411.0, 909.0, 501.0][909.0, 501.0, 999.0, 591.0][729.0, 321.0, 819.0, 411.0][639.0, 411.0, 729.0, 501.0][Combi déjà faite
[549.0, 321.0, 639.0, 411.0][459.0, 411.0, 549.0, 501.0][549.0, 501.0, 639.0, 591.0][639.0, 411.0, 729.0, 501.0][Combi déjà faite
[729.0, 321.0, 819.0, 411.0][819.0, 411.0, 909.0, 501.0][909.0, 501.0, 999.0, 591.0][639.0, 591.0, 729.0, 681.0][Combi déjà faite
[459.0, 591.0, 549.0, 681.0][549.0, 501.0, 639.0, 591.0][369.0, 501.0, 459.0, 591.0][459.0, 411.0, 549.0, 501.0][Combi déjà faite
[549.0, 321.0, 639.0, 411.0][729.0, 321.0, 819.0, 411.0][819.0, 411.0, 909.0, 501.0][909.0, 501.0, 999.0, 591.0][Nouvelle combi[1.7486728205128088
[639.0, 591.0, 729.0, 681.0][549.0, 501.0, 639.0, 591.0][639.0, 411.0, 729.0, 501.0][729.0, 321.0, 819.0, 411.0][Nouvelle combi[1.7653628717948777
[819.0, 411.0, 909.0, 501.0][909.0, 501.0, 999.0, 591.0][459.0, 591.0, 549.0, 681.0][549.0, 501.0, 639.0, 591.0][Nouvelle combi[1.9729928205127862
[639.0, 591.0, 729.0, 681.0][459.0, 411.0, 549.0, 501.0][549.0, 321.0, 639.0, 411.0][369.0, 501.0, 459.0, 591.0][Nouvelle combi[1.5742715897436028
[639.0, 411.0, 729.0, 501.0][549.0, 501.0, 639.0, 591.0][459.0, 591.0, 549.0, 681.0][369.0, 501.0, 459.0, 591.0][Nouvelle combi[1.9150994871794182
[639.0, 591.0, 729.0, 681.0][729.0, 321.0, 819.0, 411.0][819.0, 411.0, 909.0, 501.0][909.0, 501.0, 999.0, 591.0][Combi déjà faite
[459.0, 591.0, 549.0, 681.0][639.0, 591.0, 729.0, 681.0][549.0, 501.0, 639.0, 591.0][639.0, 411.0, 729.0, 501.0][Combi déjà faite
[729.0, 321.0, 819.0, 411.0][819.0, 411.0, 909.0, 501.0][549.0, 321.0, 639.0, 411.0][459.0, 411.0, 549.0, 501.0][Combi déjà faite
[369.0, 501.0, 459.0, 591.0][459.0, 591.0, 549.0, 681.0][549.0, 501.0, 639.0, 591.0][639.0, 411.0, 729.0, 501.0][Combi déjà faite
[729.0, 321.0, 819.0, 411.0][819.0, 411.0, 909.0, 501.0][909.0, 501.0, 999.0, 591.0][639.0, 591.0, 729.0, 681.0][Combi déjà faite
[459.0, 591.0, 549.0, 681.0][549.0, 501.0, 639.0, 591.0][459.0, 411.0, 549.0, 501.0][369.0, 501.0, 459.0, 591.0][Combi déjà faite
[549.0, 321.0, 639.0, 411.0][639.0, 411.0, 729.0, 501.0][729.0, 321.0, 819.0, 411.0][819.0, 411.0, 909.0, 501.0][Combi déjà faite
[909.0, 501.0, 999.0, 591.0][639.0, 591.0, 729.0, 681.0][459.0, 591.0, 549.0, 681.0][549.0, 501.0, 639.0, 591.0][Combi déjà faite
[369.0, 501.0, 459.0, 591.0][459.0, 411.0, 549.0, 501.0][549.0, 321.0, 639.0, 411.0][729.0, 321.0, 819.0, 411.0][Combi déjà faite
[819.0, 411.0, 909.0, 501.0][909.0, 501.0, 999.0, 591.0][639.0, 591.0, 729.0, 681.0][459.0, 591.0, 549.0, 681.0][Nouvelle combi[1.8370494358973701
[549.0, 501.0, 639.0, 591.0][459.0, 411.0, 549.0, 501.0][369.0, 501.0, 459.0, 591.0][549.0, 321.0, 639.0, 411.0][Nouvelle combi[1.6037895384615695
[639.0, 411.0, 729.0, 501.0][729.0, 321.0, 819.0, 411.0][819.0, 411.0, 909.0, 501.0][909.0, 501.0, 999.0, 591.0][Combi déjà faite
[639.0, 591.0, 729.0, 681.0][549.0, 501.0, 639.0, 591.0][459.0, 411.0, 549.0, 501.0][549.0, 321.0, 639.0, 411.0][Combi déjà faite
[639.0, 411.0, 729.0, 501.0][459.0, 591.0, 549.0, 681.0][369.0, 501.0, 459.0, 591.0][639.0, 591.0, 729.0, 681.0][Nouvelle combi[1.7512882051281622
[549.0, 501.0, 639.0, 591.0][459.0, 411.0, 549.0, 501.0][729.0, 321.0, 819.0, 411.0][819.0, 411.0, 909.0, 501.0][Nouvelle combi[1.8253517948718354
[909.0, 501.0, 999.0, 591.0][639.0, 591.0, 729.0, 681.0][549.0, 501.0, 639.0, 591.0][639.0, 411.0, 729.0, 501.0][Nouvelle combi[2.5706629743589247
[729.0, 321.0, 819.0, 411.0][549.0, 321.0, 639.0, 411.0][459.0, 411.0, 549.0, 501.0][369.0, 501.0, 459.0, 591.0][Combi déjà faite
[459.0, 591.0, 549.0, 681.0][549.0, 501.0, 639.0, 591.0][639.0, 411.0, 729.0, 501.0][729.0, 321.0, 819.0, 411.0][Nouvelle combi[1.7924832820513075
[819.0, 411.0, 909.0, 501.0][909.0, 501.0, 999.0, 591.0][459.0, 591.0, 549.0, 681.0][639.0, 591.0, 729.0, 681.0][Combi déjà faite
[549.0, 501.0, 639.0, 591.0][639.0, 411.0, 729.0, 501.0][549.0, 321.0, 639.0, 411.0][459.0, 411.0, 549.0, 501.0][Combi déjà faite
[369.0, 501.0, 459.0, 591.0][729.0, 321.0, 819.0, 411.0][819.0, 411.0, 909.0, 501.0][909.0, 501.0, 999.0, 591.0][Nouvelle combi[1.7744947692307278
[639.0, 591.0, 729.0, 681.0][459.0, 591.0, 549.0, 681.0][549.0, 501.0, 639.0, 591.0][639.0, 411.0, 729.0, 501.0][Combi déjà faite
[729.0, 321.0, 819.0, 411.0][549.0, 321.0, 639.0, 411.0][459.0, 411.0, 549.0, 501.0][369.0, 501.0, 459.0, 591.0][Combi déjà faite
[729.0, 321.0, 819.0, 411.0][819.0, 411.0, 909.0, 501.0][909.0, 501.0, 999.0, 591.0][639.0, 591.0, 729.0, 681.0]
30 sec
[Combi déjà faite
[459.0, 591.0, 549.0, 681.0][549.0, 501.0, 639.0, 591.0][639.0, 411.0, 729.0, 501.0][729.0, 321.0, 819.0, 411.0][Combi déjà faite
[549.0, 321.0, 639.0, 411.0][459.0, 411.0, 549.0, 501.0][369.0, 501.0, 459.0, 591.0][729.0, 321.0, 819.0, 411.0][Combi déjà faite
[819.0, 411.0, 909.0, 501.0][909.0, 501.0, 999.0, 591.0][639.0, 591.0, 729.0, 681.0][639.0, 411.0, 729.0, 501.0][Nouvelle combi[1.5901394871794992
[549.0, 501.0, 639.0, 591.0][459.0, 591.0, 549.0, 681.0][639.0, 411.0, 729.0, 501.0][639.0, 591.0, 729.0, 681.0][Combi déjà faite
[729.0, 321.0, 819.0, 411.0][819.0, 411.0, 909.0, 501.0][909.0, 501.0, 999.0, 591.0][549.0, 321.0, 639.0, 411.0][Combi déjà faite
[459.0, 411.0, 549.0, 501.0][369.0, 501.0, 459.0, 591.0][459.0, 591.0, 549.0, 681.0][549.0, 501.0, 639.0, 591.0][Combi déjà faite
[639.0, 411.0, 729.0, 501.0][729.0, 321.0, 819.0, 411.0][819.0, 411.0, 909.0, 501.0][909.0, 501.0, 999.0, 591.0][Combi déjà faite
[639.0, 591.0, 729.0, 681.0][459.0, 591.0, 549.0, 681.0][549.0, 501.0, 639.0, 591.0][369.0, 501.0, 459.0, 591.0][Combi déjà faite
[639.0, 411.0, 729.0, 501.0][459.0, 411.0, 549.0, 501.0][549.0, 321.0, 639.0, 411.0][729.0, 321.0, 819.0, 411.0][Nouvelle combi[1.6717337435898116
[819.0, 411.0, 909.0, 501.0][909.0, 501.0, 999.0, 591.0][459.0, 591.0, 549.0, 681.0][639.0, 591.0, 729.0, 681.0][Combi déjà faite
[549.0, 501.0, 639.0, 591.0][639.0, 411.0, 729.0, 501.0][729.0, 321.0, 819.0, 411.0][549.0, 321.0, 639.0, 411.0][Nouvelle combi[1.477195076923067
[459.0, 411.0, 549.0, 501.0][369.0, 501.0, 459.0, 591.0][459.0, 591.0, 549.0, 681.0][549.0, 501.0, 639.0, 591.0][Combi déjà faite
[639.0, 411.0, 729.0, 501.0][729.0, 321.0, 819.0, 411.0][819.0, 411.0, 909.0, 501.0][909.0, 501.0, 999.0, 591.0][Combi déjà faite
[639.0, 591.0, 729.0, 681.0][459.0, 591.0, 549.0, 681.0][549.0, 501.0, 639.0, 591.0][459.0, 411.0, 549.0, 501.0][Combi déjà faite
[549.0, 321.0, 639.0, 411.0][639.0, 411.0, 729.0, 501.0][729.0, 321.0, 819.0, 411.0][819.0, 411.0, 909.0, 501.0][Combi déjà faite
[909.0, 501.0, 999.0, 591.0][459.0, 411.0, 549.0, 501.0][459.0, 591.0, 549.0, 681.0][549.0, 501.0, 639.0, 591.0]

Bonnes réponses=[ 37.00
Erreurs couleur:[ 0.00
Erreurs répétition:[ 40.00
Erreurs même cercle:[ 0.00
Erreurs à côté:[ 0.00
Erreurs totales:[40
Nombre de réponses:[77
Taux de réussite=[ 48.05
RTmoy sec=[ 2.471
RTmax sec=[ 5.628
RTmin sec=[ 1.477

[Nouvelle combi[1.7889452307692864
[549.0, 321.0, 639.0, 411.0][639.0, 411.0, 729.0, 501.0]