
TACHE SPATIALE DIFFICILE FORT GAIN

Coord distracteur bleu 1 [369.0, 501.0, 459.0, 591.0]
Coord distracteur bleu 2 [729.0, 321.0, 819.0, 411.0]
Coord distracteur bleu 3 [729.0, 501.0, 819.0, 591.0]
Coord distracteur rouge 1 [639.0, 411.0, 729.0, 501.0]
Coord distracteur rouge 2 [549.0, 321.0, 639.0, 411.0]

[Coord Cercle 1[Coord Cercle 2[Coord Cercle 3[Coord Cercle 4[Combi[RT
[459.0, 591.0, 549.0, 681.0][549.0, 501.0, 639.0, 591.0][639.0, 591.0, 729.0, 681.0][819.0, 411.0, 909.0, 501.0][Nouvelle combi[5.856240410256419
[639.0, 231.0, 729.0, 321.0][459.0, 411.0, 549.0, 501.0][639.0, 591.0, 729.0, 681.0][819.0, 411.0, 909.0, 501.0][Nouvelle combi[3.439024410256394
[459.0, 411.0, 549.0, 501.0][549.0, 501.0, 639.0, 591.0][639.0, 591.0, 729.0, 681.0][459.0, 591.0, 549.0, 681.0][Nouvelle combi[2.9061222564102422
[279.0, 591.0, 369.0, 681.0][639.0, 231.0, 729.0, 321.0][999.0, 591.0, 1089.0, 681.0][639.0, 591.0, 729.0, 681.0][Nouvelle combi[3.144173128205125
[819.0, 411.0, 909.0, 501.0][459.0, 411.0, 549.0, 501.0][459.0, 591.0, 549.0, 681.0][819.0, 591.0, 909.0, 681.0][Nouvelle combi[3.317615589743582
[909.0, 501.0, 999.0, 591.0][819.0, 591.0, 909.0, 681.0][819.0, 411.0, 909.0, 501.0][999.0, 591.0, 1089.0, 681.0][Nouvelle combi[3.6112471794871794
[459.0, 411.0, 549.0, 501.0][549.0, 501.0, 639.0, 591.0][459.0, 591.0, 549.0, 681.0][639.0, 591.0, 729.0, 681.0][Combi déjà faite[2.6794699487179514
[639.0, 231.0, 729.0, 321.0][459.0, 411.0, 549.0, 501.0][549.0, 501.0, 639.0, 591.0][819.0, 411.0, 909.0, 501.0][Nouvelle combi[3.27428676923077
[909.0, 501.0, 999.0, 591.0][819.0, 411.0, 909.0, 501.0][639.0, 591.0, 729.0, 681.0][819.0, 591.0, 909.0, 681.0][Nouvelle combi[2.244365948717956
[549.0, 501.0, 639.0, 591.0][459.0, 591.0, 549.0, 681.0][639.0, 591.0, 729.0, 681.0][819.0, 591.0, 909.0, 681.0][Nouvelle combi[2.428985435897431
[999.0, 591.0, 1089.0, 681.0][909.0, 501.0, 999.0, 591.0][819.0, 591.0, 909.0, 681.0][279.0, 591.0, 369.0, 681.0][Nouvelle combi[2.945725538461545
[459.0, 411.0, 549.0, 501.0][549.0, 501.0, 639.0, 591.0][639.0, 591.0, 729.0, 681.0][279.0, 591.0, 369.0, 681.0][Nouvelle combi[3.8367835897435896
[459.0, 591.0, 549.0, 681.0][549.0, 501.0, 639.0, 591.0][459.0, 411.0, 549.0, 501.0][639.0, 591.0, 729.0, 681.0][Combi déjà faite[4.457229948717952
[639.0, 231.0, 729.0, 321.0][459.0, 411.0, 549.0, 501.0][549.0, 501.0, 639.0, 591.0][819.0, 591.0, 909.0, 681.0][Nouvelle combi[4.615043692307694
[819.0, 411.0, 909.0, 501.0][459.0, 411.0, 549.0, 501.0][279.0, 591.0, 369.0, 681.0][639.0, 231.0, 729.0, 321.0][Nouvelle combi[2.9666326153846114
[819.0, 411.0, 909.0, 501.0][459.0, 411.0, 549.0, 501.0][459.0, 591.0, 549.0, 681.0][549.0, 501.0, 639.0, 591.0][Nouvelle combi[2.552300307692292
[459.0, 411.0, 549.0, 501.0][279.0, 591.0, 369.0, 681.0][639.0, 231.0, 729.0, 321.0][639.0, 591.0, 729.0, 681.0][Nouvelle combi[3.2968533333333596
[279.0, 591.0, 369.0, 681.0][459.0, 411.0, 549.0, 501.0][639.0, 231.0, 729.0, 321.0][819.0, 411.0, 909.0, 501.0][Combi déjà faite[5.749729641025681
[279.0, 591.0, 369.0, 681.0][459.0, 411.0, 549.0, 501.0][819.0, 591.0, 909.0, 681.0][819.0, 411.0, 909.0, 501.0][Nouvelle combi[5.020022974358994
[549.0, 501.0, 639.0, 591.0][819.0, 591.0, 909.0, 681.0][639.0, 591.0, 729.0, 681.0][279.0, 591.0, 369.0, 681.0][Nouvelle combi[4.807095794871827
[459.0, 411.0, 549.0, 501.0][279.0, 591.0, 369.0, 681.0][819.0, 411.0, 909.0, 501.0][639.0, 231.0, 729.0, 321.0][Combi déjà faite[3.6784393846153876
[909.0, 501.0, 999.0, 591.0][999.0, 591.0, 1089.0, 681.0][549.0, 501.0, 639.0, 591.0][639.0, 231.0, 729.0, 321.0][Nouvelle combi[3.247406358974388
[459.0, 411.0, 549.0, 501.0][459.0, 591.0, 549.0, 681.0][639.0, 231.0, 729.0, 321.0][819.0, 411.0, 909.0, 501.0][Nouvelle combi[3.1752451282051197
[279.0, 591.0, 369.0, 681.0][819.0, 591.0, 909.0, 681.0][909.0, 501.0, 999.0, 591.0][639.0, 591.0, 729.0, 681.0][Nouvelle combi[3.8507876923077333
[279.0, 591.0, 369.0, 681.0][459.0, 591.0, 549.0, 681.0][819.0, 411.0, 909.0, 501.0][549.0, 501.0, 639.0, 591.0][Nouvelle combi[4.960033230769227
[279.0, 591.0, 369.0, 681.0][459.0, 591.0, 549.0, 681.0][819.0, 411.0, 909.0, 501.0][639.0, 591.0, 729.0, 681.0][Nouvelle combi[2.7352024615384494
[279.0, 591.0, 369.0, 681.0][819.0, 411.0, 909.0, 501.0][459.0, 591.0, 549.0, 681.0][819.0, 591.0, 909.0, 681.0][Nouvelle combi[2.4496389743590044
[279.0, 591.0, 369.0, 681.0][819.0, 411.0, 909.0, 501.0][459.0, 591.0, 549.0, 681.0][909.0, 501.0, 999.0, 591.0][Nouvelle combi[1.8250683076923337
[279.0, 591.0, 369.0, 681.0][819.0, 411.0, 909.0, 501.0][459.0, 591.0, 549.0, 681.0][999.0, 591.0, 1089.0, 681.0][Nouvelle combi[1.902931692307675
[279.0, 591.0, 369.0, 681.0][909.0, 501.0, 999.0, 591.0][459.0, 591.0, 549.0, 681.0][639.0, 591.0, 729.0, 681.0][Nouvelle combi[3.0869050256410446
[279.0, 591.0, 369.0, 681.0][909.0, 501.0, 999.0, 591.0][54, 463[[A cote
[639.0, 591.0, 729.0, 681.0][819.0, 591.0, 909.0, 681.0][999.0, 591.0, 1089.0, 681.0][909.0, 501.0, 999.0, 591.0][Nouvelle combi[3.32565579487175
[279.0, 591.0, 369.0, 681.0][909.0, 501.0, 999.0, 591.0][819.0, 591.0, 909.0, 681.0][999.0, 591.0, 1089.0, 681.0][Combi déjà faite[3.2462141538461537
[279.0, 591.0, 369.0, 681.0][819.0, 591.0, 909.0, 681.0][999.0, 591.0, 1089.0, 681.0][639.0, 591.0, 729.0, 681.0][Nouvelle combi[3.4392184615384735
[279.0, 591.0, 369.0, 681.0][819.0, 591.0, 909.0, 681.0][999.0, 591.0, 1089.0, 681.0][459.0, 591.0, 549.0, 681.0][Nouvelle combi[3.350680205128185
[279.0, 591.0, 369.0, 681.0][459.0, 591.0, 549.0, 681.0][639.0, 591.0, 729.0, 681.0][819.0, 591.0, 909.0, 681.0][Nouvelle combi[2.349829743589794
[279.0, 591.0, 369.0, 681.0][459.0, 411.0, 549.0, 501.0][639.0, 231.0, 729.0, 321.0][549.0, 501.0, 639.0, 591.0][Nouvelle combi[2.448228923076954
[459.0, 591.0, 549.0, 681.0][279.0, 591.0, 369.0, 681.0][459.0, 411.0, 549.0, 501.0][549.0, 501.0, 639.0, 591.0][Nouvelle combi[2.190311794871775
[639.0, 591.0, 729.0, 681.0][279.0, 591.0, 369.0, 681.0][549.0, 501.0, 639.0, 591.0][459.0, 591.0, 549.0, 681.0][Nouvelle combi[3.9704254358974254
[279.0, 591.0, 369.0, 681.0][459.0, 411.0, 549.0, 501.0][639.0, 231.0, 729.0, 321.0][819.0, 411.0, 909.0, 501.0][Combi déjà faite[2.950768820512849
[279.0, 591.0, 369.0, 681.0][459.0, 411.0, 549.0, 501.0][639.0, 231.0, 729.0, 321.0][549.0, 501.0, 639.0, 591.0][Combi déjà faite[2.4239532307692
[279.0, 591.0, 369.0, 681.0][826, 316[[[A cote
[459.0, 411.0, 549.0, 501.0][639.0, 231.0, 729.0, 321.0][459.0, 591.0, 549.0, 681.0][279.0, 591.0, 369.0, 681.0][Nouvelle combi[3.856596923076893
[279.0, 591.0, 369.0, 681.0][459.0, 411.0, 549.0, 501.0][639.0, 231.0, 729.0, 321.0][909.0, 501.0, 999.0, 591.0][Nouvelle combi[2.5578670769231167

30 sec
[279.0, 591.0, 369.0, 681.0][819.0, 411.0, 909.0, 501.0][909.0, 501.0, 999.0, 591.0][999.0, 591.0, 1089.0, 681.0][Nouvelle combi[3.9554416410256863
[279.0, 591.0, 369.0, 681.0][279.0, 591.0, 369.0, 681.0][[[Meme cercle
[279.0, 591.0, 369.0, 681.0][819.0, 411.0, 909.0, 501.0][909.0, 501.0, 999.0, 591.0][819.0, 591.0, 909.0, 681.0][Nouvelle combi[2.5415462564102427
[279.0, 591.0, 369.0, 681.0][819.0, 411.0, 909.0, 501.0][819.0, 591.0, 909.0, 681.0][639.0, 591.0, 729.0, 681.0][Nouvelle combi[2.831817025641044
[279.0, 591.0, 369.0, 681.0][819.0, 411.0, 909.0, 501.0][459.0, 591.0, 549.0, 681.0][549.0, 501.0, 639.0, 591.0][Combi déjà faite[2.700099692307674
[279.0, 591.0, 369.0, 681.0][819.0, 411.0, 909.0, 501.0][549.0, 501.0, 639.0, 591.0][459.0, 411.0, 549.0, 501.0][Nouvelle combi[2.7741714871794443
[279.0, 591.0, 369.0, 681.0][819.0, 411.0, 909.0, 501.0][549.0, 501.0, 639.0, 591.0][459.0, 591.0, 549.0, 681.0][Combi déjà faite[2.220689641025615
[999.0, 591.0, 1089.0, 681.0][279.0, 591.0, 369.0, 681.0][459.0, 591.0, 549.0, 681.0][549.0, 501.0, 639.0, 591.0][Nouvelle combi[2.832699487179468
[279.0, 591.0, 369.0, 681.0][819.0, 411.0, 909.0, 501.0][639.0, 591.0, 729.0, 681.0][549.0, 501.0, 639.0, 591.0][Nouvelle combi[2.3155712820512804
[459.0, 591.0, 549.0, 681.0][289, 634[[[A cote
[279.0, 591.0, 369.0, 681.0][909.0, 501.0, 999.0, 591.0][819.0, 591.0, 909.0, 681.0][639.0, 591.0, 729.0, 681.0][Combi déjà faite[2.2737997948717634
[279.0, 591.0, 369.0, 681.0][819.0, 411.0, 909.0, 501.0][639.0, 591.0, 729.0, 681.0][639.0, 231.0, 729.0, 321.0]

Bonnes réponses=[ 41.00
Erreurs couleur:[ 0.00
Erreurs répétition:[ 10.00
Erreurs même cercle:[ 1.00
Erreurs à côté:[ 3.00
Erreurs totales:[14
Nombre de réponses:[55
Taux de réussite=[ 74.55
RTmoy reussi sec=[ 3.225
RTmoy deja fait sec=[ 3.238
RTmoy tot sec=[ 3.228
RTmax sec=[ 5.856
RTmin sec=[ 1.825

[Nouvelle combi[4.143049846153872
[0, 377[[[[A cote
