
TACHE SPATIALE DIFFICILE FAIBLE GAIN

Coord distracteur bleu 1 [549.0, 321.0, 639.0, 411.0]
Coord distracteur bleu 2 [459.0, 411.0, 549.0, 501.0]
Coord distracteur bleu 3 [279.0, 591.0, 369.0, 681.0]
Coord distracteur rouge 1 [999.0, 591.0, 1089.0, 681.0]
Coord distracteur rouge 2 [639.0, 231.0, 729.0, 321.0]

[Coord Cercle 1[Coord Cercle 2[Coord Cercle 3[Coord Cercle 4[Combi[RT
[729.0, 501.0, 819.0, 591.0][819.0, 591.0, 909.0, 681.0][909.0, 501.0, 999.0, 591.0][819.0, 411.0, 909.0, 501.0][Nouvelle combi[2.9841354041410284
[819.0, 411.0, 909.0, 501.0][729.0, 501.0, 819.0, 591.0][639.0, 411.0, 729.0, 501.0][729.0, 321.0, 819.0, 411.0][Nouvelle combi[2.160843289218519
[549.0, 501.0, 639.0, 591.0][639.0, 411.0, 729.0, 501.0][729.0, 501.0, 819.0, 591.0][639.0, 591.0, 729.0, 681.0][Nouvelle combi[2.2155398372842967
[549.0, 501.0, 639.0, 591.0][459.0, 591.0, 549.0, 681.0][369.0, 501.0, 459.0, 591.0][639.0, 411.0, 729.0, 501.0][Nouvelle combi[2.197864782115147
[639.0, 411.0, 729.0, 501.0][729.0, 321.0, 819.0, 411.0][729.0, 501.0, 819.0, 591.0][639.0, 591.0, 729.0, 681.0][Nouvelle combi[2.176224193365101
[729.0, 501.0, 819.0, 591.0][639.0, 411.0, 729.0, 501.0][549.0, 501.0, 639.0, 591.0][639.0, 591.0, 729.0, 681.0][Combi déjà faite[1.716059426388398
[639.0, 591.0, 729.0, 681.0][729.0, 501.0, 819.0, 591.0][819.0, 411.0, 909.0, 501.0][819.0, 591.0, 909.0, 681.0][Nouvelle combi[1.8181052495114898
[909.0, 501.0, 999.0, 591.0][819.0, 411.0, 909.0, 501.0][729.0, 501.0, 819.0, 591.0][819.0, 591.0, 909.0, 681.0][Combi déjà faite[2.304526394429047
[639.0, 591.0, 729.0, 681.0][729.0, 501.0, 819.0, 591.0][639.0, 411.0, 729.0, 501.0][729.0, 321.0, 819.0, 411.0][Combi déjà faite[1.9026996069338225
[729.0, 321.0, 819.0, 411.0][639.0, 411.0, 729.0, 501.0][549.0, 501.0, 639.0, 591.0][459.0, 591.0, 549.0, 681.0][Nouvelle combi[2.3329321030579138
[459.0, 591.0, 549.0, 681.0][369.0, 501.0, 459.0, 591.0][549.0, 501.0, 639.0, 591.0][639.0, 411.0, 729.0, 501.0][Combi déjà faite[1.6905743295495483
[729.0, 321.0, 819.0, 411.0][639.0, 411.0, 729.0, 501.0][729.0, 501.0, 819.0, 591.0][819.0, 411.0, 909.0, 501.0][Combi déjà faite[1.6673784606624054
[819.0, 411.0, 909.0, 501.0][729.0, 501.0, 819.0, 591.0][639.0, 591.0, 729.0, 681.0][819.0, 591.0, 909.0, 681.0][Combi déjà faite[1.792997998361443
[819.0, 591.0, 909.0, 681.0][909.0, 501.0, 999.0, 591.0][639.0, 591.0, 729.0, 681.0][549.0, 501.0, 639.0, 591.0][Nouvelle combi[1.9872028875451804
[459.0, 591.0, 549.0, 681.0][639.0, 411.0, 729.0, 501.0][729.0, 321.0, 819.0, 411.0][369.0, 501.0, 459.0, 591.0][Nouvelle combi[1.9746552106807655
[549.0, 501.0, 639.0, 591.0][729.0, 501.0, 819.0, 591.0][639.0, 591.0, 729.0, 681.0][819.0, 411.0, 909.0, 501.0][Nouvelle combi[1.7261156191397617
[909.0, 501.0, 999.0, 591.0][819.0, 591.0, 909.0, 681.0][729.0, 501.0, 819.0, 591.0][819.0, 411.0, 909.0, 501.0][Combi déjà faite[2.0089189633818023
[729.0, 321.0, 819.0, 411.0][639.0, 411.0, 729.0, 501.0][549.0, 501.0, 639.0, 591.0][639.0, 591.0, 729.0, 681.0][Nouvelle combi[1.7605028588682785
[729.0, 501.0, 819.0, 591.0][459.0, 591.0, 549.0, 681.0][369.0, 501.0, 459.0, 591.0][549.0, 501.0, 639.0, 591.0][Nouvelle combi[1.6825329035492302
[639.0, 411.0, 729.0, 501.0][729.0, 321.0, 819.0, 411.0][819.0, 411.0, 909.0, 501.0][909.0, 501.0, 999.0, 591.0][Nouvelle combi[1.7506513838136755
[819.0, 591.0, 909.0, 681.0][729.0, 501.0, 819.0, 591.0][639.0, 591.0, 729.0, 681.0][819.0, 411.0, 909.0, 501.0][Combi déjà faite[1.6664410259187434
[909.0, 501.0, 999.0, 591.0][819.0, 591.0, 909.0, 681.0][729.0, 501.0, 819.0, 591.0][549.0, 501.0, 639.0, 591.0][Nouvelle combi[1.9537026210839485
[639.0, 411.0, 729.0, 501.0][729.0, 321.0, 819.0, 411.0][639.0, 591.0, 729.0, 681.0][459.0, 591.0, 549.0, 681.0][Nouvelle combi[2.4078686262129736
[369.0, 501.0, 459.0, 591.0][549.0, 501.0, 639.0, 591.0][729.0, 501.0, 819.0, 591.0][819.0, 411.0, 909.0, 501.0][Nouvelle combi[1.6147914484618298
[909.0, 501.0, 999.0, 591.0][819.0, 591.0, 909.0, 681.0][639.0, 591.0, 729.0, 681.0][729.0, 501.0, 819.0, 591.0][Nouvelle combi[1.689754227994797
[819.0, 411.0, 909.0, 501.0][729.0, 321.0, 819.0, 411.0][639.0, 411.0, 729.0, 501.0][729.0, 501.0, 819.0, 591.0][Combi déjà faite[1.446138527829504
[639.0, 591.0, 729.0, 681.0][549.0, 501.0, 639.0, 591.0][459.0, 591.0, 549.0, 681.0][729.0, 501.0, 819.0, 591.0][Nouvelle combi[1.3202322212526667
[819.0, 411.0, 909.0, 501.0][909.0, 501.0, 999.0, 591.0][819.0, 591.0, 909.0, 681.0][819.0, 591.0, 909.0, 681.0][Meme cercle
[803, 606[[[[A cote
[819.0, 411.0, 909.0, 501.0][729.0, 501.0, 819.0, 591.0][549.0, 321.0, 639.0, 411.0][[Distracteur Bleu
[459.0, 411.0, 549.0, 501.0][[[[Distracteur Bleu
[639.0, 411.0, 729.0, 501.0][738, 435[[[A cote
[729.0, 321.0, 819.0, 411.0][729.0, 321.0, 819.0, 411.0][[[Meme cercle
[819.0, 411.0, 909.0, 501.0][729.0, 501.0, 819.0, 591.0][369.0, 501.0, 459.0, 591.0][639.0, 411.0, 729.0, 501.0][Nouvelle combi[2.0926033732060887
[819.0, 591.0, 909.0, 681.0][729.0, 321.0, 819.0, 411.0][729.0, 501.0, 819.0, 591.0][819.0, 411.0, 909.0, 501.0][Nouvelle combi[1.6752172202454858
[639.0, 411.0, 729.0, 501.0][909.0, 501.0, 999.0, 591.0][729.0, 501.0, 819.0, 591.0][819.0, 411.0, 909.0, 501.0][Nouvelle combi[1.3545419226150557
[729.0, 501.0, 819.0, 591.0][639.0, 591.0, 729.0, 681.0][549.0, 501.0, 639.0, 591.0][459.0, 591.0, 549.0, 681.0][Combi déjà faite[0.9606351253721641
[639.0, 411.0, 729.0, 501.0][819.0, 591.0, 909.0, 681.0][909.0, 501.0, 999.0, 591.0][369.0, 501.0, 459.0, 591.0][Nouvelle combi[1.2145277359658735
[459.0, 591.0, 549.0, 681.0][549.0, 501.0, 639.0, 591.0][729.0, 321.0, 819.0, 411.0][729.0, 501.0, 819.0, 591.0][Nouvelle combi[1.0529800373578837
[819.0, 411.0, 909.0, 501.0][639.0, 591.0, 729.0, 681.0][729.0, 501.0, 819.0, 591.0][639.0, 411.0, 729.0, 501.0][Nouvelle combi[0.7298050504963953
[729.0, 501.0, 819.0, 591.0][909.0, 501.0, 999.0, 591.0][819.0, 591.0, 909.0, 681.0][819.0, 591.0, 909.0, 681.0][Meme cercle
[819.0, 411.0, 909.0, 501.0][670, 556[[[A cote
[819.0, 411.0, 909.0, 501.0][729.0, 501.0, 819.0, 591.0][819.0, 591.0, 909.0, 681.0][909.0, 501.0, 999.0, 591.0][Combi déjà faite[47.101453413595834
[909.0, 501.0, 999.0, 591.0][819.0, 411.0, 909.0, 501.0][729.0, 321.0, 819.0, 411.0][639.0, 411.0, 729.0, 501.0][Combi déjà faite[1.3489681858852691
[549.0, 501.0, 639.0, 591.0][639.0, 411.0, 729.0, 501.0][729.0, 501.0, 819.0, 591.0][819.0, 411.0, 909.0, 501.0][Nouvelle combi[0.8979525358532783
[639.0, 591.0, 729.0, 681.0][459.0, 591.0, 549.0, 681.0][729.0, 321.0, 819.0, 411.0][639.0, 411.0, 729.0, 501.0][Combi déjà faite[1.098998852514228
[549.0, 501.0, 639.0, 591.0][729.0, 501.0, 819.0, 591.0][819.0, 411.0, 909.0, 501.0][819.0, 411.0, 909.0, 501.0][Meme cercle

30 sec


Bonnes réponses=[ 25.00
Erreurs couleur:[ 2.00
Erreurs répétition:[ 13.00
Erreurs même cercle:[ 4.00
Erreurs à côté:[ 3.00
Erreurs totales:[22
Nombre de réponses:[47
Taux de réussite=[ 53.19
RTmoy reussi sec=[ 1.791
RTmoy deja fait sec=[ 5.131
RTmoy tot sec=[ 2.934
RTmax sec=[ 2.984
RTmin sec=[ 0.730

