
TACHE SPATIALE DIFFICILE FORT GAIN

Coord distracteur bleu 1 [639.0, 231.0, 729.0, 321.0]
Coord distracteur bleu 2 [369.0, 501.0, 459.0, 591.0]
Coord distracteur bleu 3 [819.0, 411.0, 909.0, 501.0]
Coord distracteur rouge 1 [549.0, 501.0, 639.0, 591.0]
Coord distracteur rouge 2 [279.0, 591.0, 369.0, 681.0]

[Coord Cercle 1[Coord Cercle 2[Coord Cercle 3[Coord Cercle 4[Combi[RT[Temps Ecoule
[909.0, 501.0, 999.0, 591.0][729.0, 501.0, 819.0, 591.0][819.0, 591.0, 909.0, 681.0][999.0, 591.0, 1089.0, 681.0][Nouvelle combi[5.800810830103899[5.800810830103899
[729.0, 501.0, 819.0, 591.0][639.0, 591.0, 729.0, 681.0][639.0, 411.0, 729.0, 501.0][459.0, 591.0, 549.0, 681.0][Nouvelle combi[2.0672311243232[7.868041954427099
[639.0, 411.0, 729.0, 501.0][729.0, 321.0, 819.0, 411.0][549.0, 321.0, 639.0, 411.0][459.0, 411.0, 549.0, 501.0][Nouvelle combi[2.1022308904771876[9.970272844904287
[459.0, 411.0, 549.0, 501.0][459.0, 591.0, 549.0, 681.0][639.0, 411.0, 729.0, 501.0][549.0, 321.0, 639.0, 411.0][Nouvelle combi[2.253107074373645[12.223379919277932
[729.0, 321.0, 819.0, 411.0][639.0, 411.0, 729.0, 501.0][729.0, 501.0, 819.0, 591.0][639.0, 591.0, 729.0, 681.0][Nouvelle combi[2.071157685203957[14.294537604481889
[909.0, 501.0, 999.0, 591.0][819.0, 591.0, 909.0, 681.0][999.0, 591.0, 1089.0, 681.0][729.0, 501.0, 819.0, 591.0][Combi déjà faite[[2.215303618212431[2.215303618212431
[729.0, 321.0, 819.0, 411.0][639.0, 411.0, 729.0, 501.0][639.0, 591.0, 729.0, 681.0][459.0, 591.0, 549.0, 681.0][Nouvelle combi[2.5026531260281786[16.797190730510067
[549.0, 321.0, 639.0, 411.0][639.0, 411.0, 729.0, 501.0][729.0, 321.0, 819.0, 411.0][459.0, 411.0, 549.0, 501.0][Combi déjà faite[[1.7933679644160065[4.008671582628438
[729.0, 321.0, 819.0, 411.0][909.0, 501.0, 999.0, 591.0][999.0, 591.0, 1089.0, 681.0][819.0, 591.0, 909.0, 681.0][Nouvelle combi[2.135271273623573[18.93246200413364
[729.0, 501.0, 819.0, 591.0][639.0, 411.0, 729.0, 501.0][639.0, 591.0, 729.0, 681.0][549.0, 321.0, 639.0, 411.0][Nouvelle combi[1.7980403708386916[20.730502374972332
[459.0, 411.0, 549.0, 501.0][459.0, 591.0, 549.0, 681.0][639.0, 411.0, 729.0, 501.0][549.0, 321.0, 639.0, 411.0][Combi déjà faite[[1.7199686400257406[5.728640222654178
[729.0, 321.0, 819.0, 411.0][549.0, 321.0, 639.0, 411.0][639.0, 411.0, 729.0, 501.0][729.0, 501.0, 819.0, 591.0][Nouvelle combi[2.100916430017321[22.831418804989653
[909.0, 501.0, 999.0, 591.0][999.0, 591.0, 1089.0, 681.0][819.0, 591.0, 909.0, 681.0][729.0, 321.0, 819.0, 411.0][Combi déjà faite[[2.3185572770811973[8.047197499735375
[729.0, 501.0, 819.0, 591.0][639.0, 411.0, 729.0, 501.0][549.0, 321.0, 639.0, 411.0][639.0, 591.0, 729.0, 681.0][Combi déjà faite[[1.9225128840919865[9.969710383827362
[459.0, 411.0, 549.0, 501.0][549.0, 321.0, 639.0, 411.0][729.0, 321.0, 819.0, 411.0][639.0, 411.0, 729.0, 501.0][Combi déjà faite[[1.7448978503402373[11.7146082341676
[909.0, 501.0, 999.0, 591.0][729.0, 501.0, 819.0, 591.0][729.0, 321.0, 819.0, 411.0][639.0, 411.0, 729.0, 501.0][Nouvelle combi[2.0978148941005657[24.92923369909022
[999.0, 591.0, 1089.0, 681.0][819.0, 591.0, 909.0, 681.0][639.0, 591.0, 729.0, 681.0][459.0, 591.0, 549.0, 681.0][Nouvelle combi[2.8352099813661766[27.764443680456395
[729.0, 501.0, 819.0, 591.0][639.0, 411.0, 729.0, 501.0][729.0, 321.0, 819.0, 411.0][549.0, 321.0, 639.0, 411.0][Combi déjà faite[[1.8076842603616115[13.52229249452921
[459.0, 411.0, 549.0, 501.0][549.0, 321.0, 639.0, 411.0][639.0, 411.0, 729.0, 501.0][729.0, 321.0, 819.0, 411.0][Combi déjà faite[[1.72831160753924[15.25060410206845
[729.0, 501.0, 819.0, 591.0][909.0, 501.0, 999.0, 591.0][999.0, 591.0, 1089.0, 681.0][819.0, 591.0, 909.0, 681.0][Combi déjà faite[[1.7601347609150366[17.010738862983487
[639.0, 591.0, 729.0, 681.0][729.0, 501.0, 819.0, 591.0][639.0, 411.0, 729.0, 501.0][729.0, 321.0, 819.0, 411.0][Combi déjà faite[[1.861365857340843[18.87210472032433
[459.0, 591.0, 549.0, 681.0][459.0, 411.0, 549.0, 501.0][549.0, 321.0, 639.0, 411.0][639.0, 411.0, 729.0, 501.0][Combi déjà faite[[1.6307826619218986[20.50288738224623
[729.0, 321.0, 819.0, 411.0][639.0, 411.0, 729.0, 501.0][639.0, 591.0, 729.0, 681.0][459.0, 591.0, 549.0, 681.0][Combi déjà faite[[1.9330384139172452[22.435925796163474
[549.0, 321.0, 639.0, 411.0][639.0, 411.0, 729.0, 501.0][459.0, 411.0, 549.0, 501.0][459.0, 591.0, 549.0, 681.0][Combi déjà faite[[2.1987776830541748[24.63470347921765
[729.0, 321.0, 819.0, 411.0][549.0, 321.0, 639.0, 411.0][639.0, 411.0, 729.0, 501.0][729.0, 501.0, 819.0, 591.0][Combi déjà faite[[2.445837582902527[27.080541062120176
[729.0, 321.0, 819.0, 411.0][909.0, 501.0, 999.0, 591.0][999.0, 591.0, 1089.0, 681.0][819.0, 591.0, 909.0, 681.0][Combi déjà faite[[1.993698876965027[29.074239939085203
[729.0, 501.0, 819.0, 591.0][639.0, 411.0, 729.0, 501.0][729.0, 321.0, 819.0, 411.0][549.0, 321.0, 639.0, 411.0][Combi déjà faite[[2.238880214252106[31.31312015333731
[639.0, 591.0, 729.0, 681.0][459.0, 591.0, 549.0, 681.0][459.0, 411.0, 549.0, 501.0][549.0, 321.0, 639.0, 411.0][Nouvelle combi[2.3477699710605293[30.112213651516925
[639.0, 411.0, 729.0, 501.0][729.0, 321.0, 819.0, 411.0][549.0, 321.0, 639.0, 411.0][459.0, 411.0, 549.0, 501.0][Combi déjà faite[[3.0035946637171946[34.3167148170545
[639.0, 591.0, 729.0, 681.0][459.0, 591.0, 549.0, 681.0][639.0, 411.0, 729.0, 501.0][729.0, 501.0, 819.0, 591.0][Combi déjà faite[[3.0937857692014177[37.41050058625592
[729.0, 321.0, 819.0, 411.0][909.0, 501.0, 999.0, 591.0][999.0, 591.0, 1089.0, 681.0][819.0, 591.0, 909.0, 681.0][Combi déjà faite[[2.6949344041563563[40.10543499041228
[729.0, 501.0, 819.0, 591.0][639.0, 591.0, 729.0, 681.0][459.0, 591.0, 549.0, 681.0][639.0, 411.0, 729.0, 501.0][Combi déjà faite[[2.183541592991503[42.28897658340378
[459.0, 591.0, 549.0, 681.0][459.0, 411.0, 549.0, 501.0][549.0, 321.0, 639.0, 411.0][639.0, 411.0, 729.0, 501.0][Combi déjà faite[[2.195340557669283[44.48431714107306
[729.0, 321.0, 819.0, 411.0][639.0, 411.0, 729.0, 501.0][729.0, 501.0, 819.0, 591.0][639.0, 591.0, 729.0, 681.0][Combi déjà faite[[2.117857544322021[46.602174685395084
[909.0, 501.0, 999.0, 591.0][819.0, 591.0, 909.0, 681.0][639.0, 591.0, 729.0, 681.0][459.0, 591.0, 549.0, 681.0][Nouvelle combi[1.6406468589564724[31.752860510473397
[639.0, 411.0, 729.0, 501.0][729.0, 501.0, 819.0, 591.0][819.0, 591.0, 909.0, 681.0][909.0, 501.0, 999.0, 591.0][Nouvelle combi[2.0158289100891125[33.76868942056251
[999.0, 591.0, 1089.0, 681.0][909.0, 501.0, 999.0, 591.0][729.0, 321.0, 819.0, 411.0][549.0, 321.0, 639.0, 411.0][Nouvelle combi[1.7791378222459002[35.54782724280841
[459.0, 411.0, 549.0, 501.0][549.0, 321.0, 639.0, 411.0][639.0, 411.0, 729.0, 501.0][729.0, 321.0, 819.0, 411.0][Combi déjà faite[[2.3351468019308186[48.9373214873259
[549.0, 321.0, 639.0, 411.0][459.0, 411.0, 549.0, 501.0][459.0, 591.0, 549.0, 681.0][639.0, 411.0, 729.0, 501.0][Combi déjà faite[[2.36653672489291[51.30385821221881
[639.0, 591.0, 729.0, 681.0][729.0, 501.0, 819.0, 591.0][819.0, 591.0, 909.0, 681.0][639.0, 411.0, 729.0, 501.0][Nouvelle combi[2.7258090454899957[38.273636288298405
[909.0, 501.0, 999.0, 591.0][999.0, 591.0, 1089.0, 681.0][819.0, 591.0, 909.0, 681.0][729.0, 501.0, 819.0, 591.0][Combi déjà faite[[2.20658116383089[53.5104393760497
[729.0, 321.0, 819.0, 411.0][639.0, 411.0, 729.0, 501.0][549.0, 321.0, 639.0, 411.0][459.0, 411.0, 549.0, 501.0][Combi déjà faite[[1.827358910884982[55.337798286934685
[639.0, 591.0, 729.0, 681.0][459.0, 591.0, 549.0, 681.0][639.0, 411.0, 729.0, 501.0][729.0, 501.0, 819.0, 591.0][Combi déjà faite[[2.3322147017725[57.670012988707185
[909.0, 501.0, 999.0, 591.0][819.0, 591.0, 909.0, 681.0][729.0, 501.0, 819.0, 591.0][639.0, 411.0, 729.0, 501.0][Combi déjà faite[[1.8704411319457677[59.54045412065295
[999.0, 591.0, 1089.0, 681.0][909.0, 501.0, 999.0, 591.0][819.0, 591.0, 909.0, 681.0][729.0, 501.0, 819.0, 591.0][Combi déjà faite[[2.117206878189222[61.657660998842175
[729.0, 321.0, 819.0, 411.0][639.0, 411.0, 729.0, 501.0][549.0, 321.0, 639.0, 411.0][459.0, 411.0, 549.0, 501.0][Combi déjà faite[[2.0618674364164917[63.71952843525867
[729.0, 321.0, 819.0, 411.0][639.0, 411.0, 729.0, 501.0][729.0, 501.0, 819.0, 591.0][639.0, 591.0, 729.0, 681.0][Combi déjà faite[[2.6029193001687645[66.32244773542743
[729.0, 321.0, 819.0, 411.0][639.0, 411.0, 729.0, 501.0][459.0, 591.0, 549.0, 681.0][459.0, 411.0, 549.0, 501.0][Nouvelle combi[2.0991830981062094[40.372819386404615
[549.0, 321.0, 639.0, 411.0][639.0, 411.0, 729.0, 501.0][729.0, 321.0, 819.0, 411.0][459.0, 411.0, 549.0, 501.0][Combi déjà faite[[1.9157867357647547[68.23823447119219
[909.0, 501.0, 999.0, 591.0][729.0, 501.0, 819.0, 591.0][639.0, 591.0, 729.0, 681.0][819.0, 591.0, 909.0, 681.0][Nouvelle combi[1.6153939565998598[41.988213343004475
[999.0, 591.0, 1089.0, 681.0][909.0, 501.0, 999.0, 591.0][819.0, 591.0, 909.0, 681.0][729.0, 501.0, 819.0, 591.0][Combi déjà faite[[1.9104365863083785[70.14867105750056
[639.0, 591.0, 729.0, 681.0][639.0, 411.0, 729.0, 501.0][729.0, 321.0, 819.0, 411.0][549.0, 321.0, 639.0, 411.0][Nouvelle combi[1.9415360479704304[43.929749390974905
[459.0, 411.0, 549.0, 501.0][549.0, 321.0, 639.0, 411.0][459.0, 591.0, 549.0, 681.0][639.0, 411.0, 729.0, 501.0][Combi déjà faite[[2.1492220314075894[72.29789308890815
[729.0, 321.0, 819.0, 411.0][639.0, 411.0, 729.0, 501.0][729.0, 501.0, 819.0, 591.0][639.0, 591.0, 729.0, 681.0][Combi déjà faite[[1.9762839168952269[74.27417700580338
[909.0, 501.0, 999.0, 591.0][819.0, 591.0, 909.0, 681.0][729.0, 501.0, 819.0, 591.0][639.0, 411.0, 729.0, 501.0][Combi déjà faite[[1.8520263778244725[76.12620338362785
[999.0, 591.0, 1089.0, 681.0][909.0, 501.0, 999.0, 591.0][729.0, 321.0, 819.0, 411.0][549.0, 321.0, 639.0, 411.0][Combi déjà faite[[2.664118019185139[78.79032140281299
[459.0, 411.0, 549.0, 501.0][639.0, 411.0, 729.0, 501.0][729.0, 501.0, 819.0, 591.0][819.0, 591.0, 909.0, 681.0][Nouvelle combi[2.4433079439525045[46.37305733492741
[639.0, 591.0, 729.0, 681.0][459.0, 591.0, 549.0, 681.0][639.0, 411.0, 729.0, 501.0][459.0, 411.0, 549.0, 501.0][Nouvelle combi[2.049487959394469[48.42254529432188
[549.0, 321.0, 639.0, 411.0][729.0, 321.0, 819.0, 411.0][639.0, 411.0, 729.0, 501.0][909.0, 501.0, 999.0, 591.0][Nouvelle combi[2.5870038260482033[51.00954912037008
[729.0, 501.0, 819.0, 591.0][639.0, 591.0, 729.0, 681.0][909.0, 501.0, 999.0, 591.0][819.0, 591.0, 909.0, 681.0][Combi déjà faite[[2.008967377257477[80.79928878007047
[999.0, 591.0, 1089.0, 681.0][909.0, 501.0, 999.0, 591.0][819.0, 591.0, 909.0, 681.0][729.0, 501.0, 819.0, 591.0][Combi déjà faite[[2.4937583640956973[83.29304714416617
[639.0, 591.0, 729.0, 681.0][729.0, 501.0, 819.0, 591.0][639.0, 411.0, 729.0, 501.0][729.0, 321.0, 819.0, 411.0][Combi déjà faite[[1.7588715824642804[85.05191872663045
[549.0, 321.0, 639.0, 411.0][459.0, 411.0, 549.0, 501.0][459.0, 591.0, 549.0, 681.0][639.0, 411.0, 729.0, 501.0][Combi déjà faite[[2.181454210088873[87.23337293671932
[549.0, 321.0, 639.0, 411.0][459.0, 411.0, 549.0, 501.0][459.0, 591.0, 549.0, 681.0][639.0, 591.0, 729.0, 681.0][Combi déjà faite[[2.4958346700843776[89.7292076068037

30 sec
[639.0, 411.0, 729.0, 501.0][729.0, 501.0, 819.0, 591.0][729.0, 321.0, 819.0, 411.0][909.0, 501.0, 999.0, 591.0][Combi déjà faite[[2.3042680580364276[92.03347566484013
[999.0, 591.0, 1089.0, 681.0][909.0, 501.0, 999.0, 591.0][729.0, 501.0, 819.0, 591.0][819.0, 591.0, 909.0, 681.0][Combi déjà faite[[1.9744742773543749[94.0079499421945
[639.0, 591.0, 729.0, 681.0][639.0, 411.0, 729.0, 501.0][729.0, 321.0, 819.0, 411.0][729.0, 501.0, 819.0, 591.0][Combi déjà faite[[1.776792388272952[95.78474233046745
[549.0, 321.0, 639.0, 411.0][459.0, 411.0, 549.0, 501.0][459.0, 591.0, 549.0, 681.0][729.0, 321.0, 819.0, 411.0][Nouvelle combi[2.8524423774831575[53.86199149785324
[639.0, 411.0, 729.0, 501.0][729.0, 501.0, 819.0, 591.0][639.0, 591.0, 729.0, 681.0][909.0, 501.0, 999.0, 591.0][Nouvelle combi[2.2578299422933696[56.11982144014661
[999.0, 591.0, 1089.0, 681.0][909.0, 501.0, 999.0, 591.0][819.0, 591.0, 909.0, 681.0][729.0, 501.0, 819.0, 591.0][Combi déjà faite[[1.8652915977094153[97.65003392817687
[729.0, 321.0, 819.0, 411.0][639.0, 411.0, 729.0, 501.0][729.0, 501.0, 819.0, 591.0][819.0, 591.0, 909.0, 681.0][Nouvelle combi[2.0742674262421588[58.19408886638877
[639.0, 591.0, 729.0, 681.0][729.0, 501.0, 819.0, 591.0][639.0, 411.0, 729.0, 501.0][729.0, 321.0, 819.0, 411.0][Combi déjà faite[[2.5692015842447518[100.21923551242162
[909.0, 501.0, 999.0, 591.0][819.0, 591.0, 909.0, 681.0][999.0, 591.0, 1089.0, 681.0][729.0, 501.0, 819.0, 591.0][Combi déjà faite[[2.1956921471244186[102.41492765954604
[729.0, 321.0, 819.0, 411.0][639.0, 411.0, 729.0, 501.0][549.0, 321.0, 639.0, 411.0][459.0, 411.0, 549.0, 501.0][Combi déjà faite[[2.1957339932438344[104.61066165278987
[459.0, 411.0, 549.0, 501.0][459.0, 591.0, 549.0, 681.0][549.0, 321.0, 639.0, 411.0][639.0, 411.0, 729.0, 501.0][Combi déjà faite[[3.1652445823634707[107.77590623515334
[729.0, 321.0, 819.0, 411.0][639.0, 411.0, 729.0, 501.0][549.0, 321.0, 639.0, 411.0][459.0, 411.0, 549.0, 501.0][Combi déjà faite[[1.942464457465121[109.71837069261846
[729.0, 321.0, 819.0, 411.0][639.0, 411.0, 729.0, 501.0][729.0, 501.0, 819.0, 591.0][639.0, 591.0, 729.0, 681.0][Combi déjà faite[[1.9538794224579306[111.6722501150764


Bonnes réponses=[ 25.00
Erreurs couleur:[ 0.00
Erreurs répétition:[ 52.00
Erreurs même cercle:[ 0.00
Erreurs à côté:[ 0.00
Erreurs totales:[52
Nombre de réponses:[77
Taux de réussite=[ 32.47
RTmoy reussi sec=[ 2.328
RTmoy deja fait sec=[ 2.148
RTmoy tot sec=[ 2.206
RTmax sec=[ 5.801
RTmin sec=[ 1.615

