
TACHE SPATIALE DIFFICILE FAIBLE GAIN

Coord distracteur bleu 1 [999.0, 591.0, 1089.0, 681.0]
Coord distracteur bleu 2 [729.0, 321.0, 819.0, 411.0]
Coord distracteur bleu 3 [459.0, 591.0, 549.0, 681.0]
Coord distracteur rouge 1 [279.0, 591.0, 369.0, 681.0]
Coord distracteur rouge 2 [459.0, 411.0, 549.0, 501.0]

[Coord Cercle 1[Coord Cercle 2[Coord Cercle 3[Coord Cercle 4[Combi[RT[temps ecoule
[549.0, 501.0, 639.0, 591.0][819.0, 411.0, 909.0, 501.0][639.0, 411.0, 729.0, 501.0][729.0, 501.0, 819.0, 591.0][Nouvelle combi[8.055540056992774[8.055540056992774
[909.0, 501.0, 999.0, 591.0][819.0, 591.0, 909.0, 681.0][729.0, 501.0, 819.0, 591.0][819.0, 411.0, 909.0, 501.0][Nouvelle combi[7.5357981244733345[15.591338181466108
[639.0, 231.0, 729.0, 321.0][549.0, 321.0, 639.0, 411.0][549.0, 501.0, 639.0, 591.0][639.0, 411.0, 729.0, 501.0][Nouvelle combi[5.625314768972498[21.216652950438608
[639.0, 591.0, 729.0, 681.0][729.0, 501.0, 819.0, 591.0][819.0, 411.0, 909.0, 501.0][909.0, 501.0, 999.0, 591.0][Nouvelle combi[7.336336954800448[28.552989905239055
[819.0, 591.0, 909.0, 681.0][729.0, 501.0, 819.0, 591.0][639.0, 411.0, 729.0, 501.0][549.0, 321.0, 639.0, 411.0][Nouvelle combi[2.8264460911211557[31.37943599636021
[549.0, 501.0, 639.0, 591.0][639.0, 411.0, 729.0, 501.0][819.0, 411.0, 909.0, 501.0][909.0, 501.0, 999.0, 591.0][Nouvelle combi[3.7894803778622546[35.16891637422246
[819.0, 591.0, 909.0, 681.0][729.0, 501.0, 819.0, 591.0][819.0, 411.0, 909.0, 501.0][909.0, 501.0, 999.0, 591.0][Combi déjà faite[3.7894803778622546[38.95839675208472
[639.0, 411.0, 729.0, 501.0][549.0, 501.0, 639.0, 591.0][639.0, 591.0, 729.0, 681.0][549.0, 321.0, 639.0, 411.0][Nouvelle combi[2.7691218304641367[41.72751858254885
[369.0, 501.0, 459.0, 591.0][549.0, 321.0, 639.0, 411.0][639.0, 231.0, 729.0, 321.0][639.0, 411.0, 729.0, 501.0][Nouvelle combi[2.538048379037228[44.26556696158608
[369.0, 501.0, 459.0, 591.0][549.0, 501.0, 639.0, 591.0][639.0, 591.0, 729.0, 681.0][729.0, 501.0, 819.0, 591.0][Nouvelle combi[2.974942379534454[47.240509341120536
[909.0, 501.0, 999.0, 591.0][819.0, 591.0, 909.0, 681.0][819.0, 411.0, 909.0, 501.0][729.0, 501.0, 819.0, 591.0][Combi déjà faite[2.974942379534454[50.21545172065499
[639.0, 411.0, 729.0, 501.0][549.0, 501.0, 639.0, 591.0][639.0, 591.0, 729.0, 681.0][549.0, 321.0, 639.0, 411.0][Combi déjà faite[2.974942379534454[53.190394100189444
[639.0, 231.0, 729.0, 321.0][549.0, 321.0, 639.0, 411.0][369.0, 501.0, 459.0, 591.0][639.0, 411.0, 729.0, 501.0][Combi déjà faite[2.974942379534454[56.1653364797239
[819.0, 411.0, 909.0, 501.0][909.0, 501.0, 999.0, 591.0][819.0, 591.0, 909.0, 681.0][729.0, 501.0, 819.0, 591.0][Combi déjà faite[2.974942379534454[59.14027885925835
[639.0, 411.0, 729.0, 501.0][639.0, 231.0, 729.0, 321.0][549.0, 321.0, 639.0, 411.0][549.0, 501.0, 639.0, 591.0][Combi déjà faite[2.974942379534454[62.115221238792806
[369.0, 501.0, 459.0, 591.0][639.0, 591.0, 729.0, 681.0][639.0, 411.0, 729.0, 501.0][549.0, 501.0, 639.0, 591.0][Nouvelle combi[2.305123441950002[64.4203446807428
[909.0, 501.0, 999.0, 591.0][819.0, 591.0, 909.0, 681.0][639.0, 231.0, 729.0, 321.0][639.0, 411.0, 729.0, 501.0][Nouvelle combi[4.3962995722670115[68.81664425300981
[549.0, 321.0, 639.0, 411.0][549.0, 501.0, 639.0, 591.0][369.0, 501.0, 459.0, 591.0][639.0, 231.0, 729.0, 321.0][Nouvelle combi[2.5824167528888182[71.39906100589863
[639.0, 411.0, 729.0, 501.0][729.0, 501.0, 819.0, 591.0][819.0, 411.0, 909.0, 501.0][909.0, 501.0, 999.0, 591.0][Nouvelle combi[3.167797605909655[74.56685861180829
[819.0, 591.0, 909.0, 681.0][639.0, 591.0, 729.0, 681.0][729.0, 501.0, 819.0, 591.0][819.0, 411.0, 909.0, 501.0][Nouvelle combi[3.082176753085733[77.64903536489402
[549.0, 501.0, 639.0, 591.0][639.0, 411.0, 729.0, 501.0][549.0, 321.0, 639.0, 411.0][639.0, 231.0, 729.0, 321.0][Combi déjà faite[3.082176753085733[80.73121211797975
[369.0, 501.0, 459.0, 591.0][549.0, 321.0, 639.0, 411.0][639.0, 231.0, 729.0, 321.0][819.0, 411.0, 909.0, 501.0][Nouvelle combi[3.0799474215816076[83.81115953956136
[909.0, 501.0, 999.0, 591.0][819.0, 591.0, 909.0, 681.0][729.0, 501.0, 819.0, 591.0][819.0, 411.0, 909.0, 501.0][Combi déjà faite[3.0799474215816076[86.89110696114297
[639.0, 411.0, 729.0, 501.0][549.0, 501.0, 639.0, 591.0][369.0, 501.0, 459.0, 591.0][549.0, 321.0, 639.0, 411.0][Nouvelle combi[2.56990025033825[89.46100721148122
[639.0, 231.0, 729.0, 321.0][639.0, 411.0, 729.0, 501.0][549.0, 501.0, 639.0, 591.0][639.0, 591.0, 729.0, 681.0][Nouvelle combi[2.7158685408258094[92.17687575230703
[819.0, 411.0, 909.0, 501.0][729.0, 501.0, 819.0, 591.0][639.0, 411.0, 729.0, 501.0][549.0, 321.0, 639.0, 411.0][Nouvelle combi[2.9458642495472844[95.12274000185431
[819.0, 411.0, 909.0, 501.0][729.0, 501.0, 819.0, 591.0][639.0, 591.0, 729.0, 681.0][549.0, 501.0, 639.0, 591.0][Nouvelle combi[3.1117873954565027[98.23452739731081
[909.0, 501.0, 999.0, 591.0][819.0, 591.0, 909.0, 681.0][639.0, 591.0, 729.0, 681.0][549.0, 501.0, 639.0, 591.0][Nouvelle combi[3.078688755947681[101.3132161532585
[369.0, 501.0, 459.0, 591.0][549.0, 321.0, 639.0, 411.0][639.0, 231.0, 729.0, 321.0][819.0, 411.0, 909.0, 501.0][Combi déjà faite[3.078688755947681[104.39190490920618
[639.0, 411.0, 729.0, 501.0][729.0, 501.0, 819.0, 591.0][819.0, 411.0, 909.0, 501.0][909.0, 501.0, 999.0, 591.0][Combi déjà faite[3.078688755947681[107.47059366515386
[819.0, 591.0, 909.0, 681.0][729.0, 501.0, 819.0, 591.0][819.0, 411.0, 909.0, 501.0][639.0, 411.0, 729.0, 501.0][Nouvelle combi[2.7440367228416704[110.21463038799553
[639.0, 591.0, 729.0, 681.0][729.0, 501.0, 819.0, 591.0][639.0, 411.0, 729.0, 501.0][549.0, 501.0, 639.0, 591.0][Nouvelle combi[2.8501556101287235[113.06478599812425
[549.0, 321.0, 639.0, 411.0][639.0, 231.0, 729.0, 321.0][369.0, 501.0, 459.0, 591.0][549.0, 501.0, 639.0, 591.0][Combi déjà faite[2.8501556101287235[115.91494160825297
[639.0, 231.0, 729.0, 321.0][639.0, 411.0, 729.0, 501.0][819.0, 411.0, 909.0, 501.0][909.0, 501.0, 999.0, 591.0][Nouvelle combi[2.8213338901875744[118.73627549844055
[819.0, 591.0, 909.0, 681.0][729.0, 501.0, 819.0, 591.0][639.0, 411.0, 729.0, 501.0][549.0, 321.0, 639.0, 411.0][Combi déjà faite[2.8213338901875744[121.55760938862812
[639.0, 231.0, 729.0, 321.0][549.0, 501.0, 639.0, 591.0][639.0, 411.0, 729.0, 501.0][549.0, 321.0, 639.0, 411.0][Combi déjà faite[2.8213338901875744[124.3789432788157
[819.0, 411.0, 909.0, 501.0][729.0, 501.0, 819.0, 591.0][639.0, 591.0, 729.0, 681.0][819.0, 591.0, 909.0, 681.0][Combi déjà faite[2.8213338901875744[127.20027716900327
[639.0, 411.0, 729.0, 501.0][549.0, 501.0, 639.0, 591.0][549.0, 321.0, 639.0, 411.0][639.0, 231.0, 729.0, 321.0][Combi déjà faite[2.8213338901875744[130.02161105919083
[369.0, 501.0, 459.0, 591.0][549.0, 501.0, 639.0, 591.0][639.0, 411.0, 729.0, 501.0][549.0, 321.0, 639.0, 411.0][Combi déjà faite[2.8213338901875744[132.84294494937842
[639.0, 231.0, 729.0, 321.0][819.0, 411.0, 909.0, 501.0][909.0, 501.0, 999.0, 591.0][819.0, 591.0, 909.0, 681.0][Nouvelle combi[2.4861628831484097[135.32910783252683
[729.0, 501.0, 819.0, 591.0][639.0, 411.0, 729.0, 501.0][549.0, 321.0, 639.0, 411.0][549.0, 501.0, 639.0, 591.0][Nouvelle combi[2.204792857605838[137.53390069013267
[639.0, 231.0, 729.0, 321.0][369.0, 501.0, 459.0, 591.0][549.0, 321.0, 639.0, 411.0][639.0, 411.0, 729.0, 501.0][Combi déjà faite[2.204792857605838[139.7386935477385
[819.0, 411.0, 909.0, 501.0][729.0, 501.0, 819.0, 591.0][639.0, 411.0, 729.0, 501.0][549.0, 321.0, 639.0, 411.0][Combi déjà faite[2.204792857605838[141.94348640534434
[369.0, 501.0, 459.0, 591.0][549.0, 321.0, 639.0, 411.0][639.0, 231.0, 729.0, 321.0][819.0, 411.0, 909.0, 501.0][Combi déjà faite[2.204792857605838[144.14827926295018

30 sec
[819.0, 591.0, 909.0, 681.0][909.0, 501.0, 999.0, 591.0][729.0, 501.0, 819.0, 591.0][639.0, 411.0, 729.0, 501.0][Nouvelle combi[3.315987843292021[147.4642671062422
[549.0, 321.0, 639.0, 411.0][549.0, 501.0, 639.0, 591.0][639.0, 591.0, 729.0, 681.0][819.0, 411.0, 909.0, 501.0][Nouvelle combi[3.3249794256578866[150.7892465319001
[639.0, 411.0, 729.0, 501.0][729.0, 501.0, 819.0, 591.0][639.0, 591.0, 729.0, 681.0][549.0, 501.0, 639.0, 591.0][Combi déjà faite[3.3249794256578866[154.11422595755798
[639.0, 231.0, 729.0, 321.0][549.0, 321.0, 639.0, 411.0][369.0, 501.0, 459.0, 591.0][639.0, 411.0, 729.0, 501.0][Combi déjà faite[3.3249794256578866[157.43920538321586
[639.0, 231.0, 729.0, 321.0][819.0, 411.0, 909.0, 501.0][909.0, 501.0, 999.0, 591.0][819.0, 591.0, 909.0, 681.0][Combi déjà faite[3.3249794256578866[160.76418480887375
[819.0, 411.0, 909.0, 501.0][729.0, 501.0, 819.0, 591.0][639.0, 591.0, 729.0, 681.0][549.0, 501.0, 639.0, 591.0][Combi déjà faite[3.3249794256578866[164.08916423453164
[639.0, 411.0, 729.0, 501.0][819.0, 411.0, 909.0, 501.0][909.0, 501.0, 999.0, 591.0][819.0, 591.0, 909.0, 681.0][Nouvelle combi[2.5079606088528124[166.59712484338445
[639.0, 231.0, 729.0, 321.0][686, 504[[[A cote[2.5079606088528124[169.10508545223726
[639.0, 591.0, 729.0, 681.0][549.0, 501.0, 639.0, 591.0][549.0, 321.0, 639.0, 411.0][639.0, 231.0, 729.0, 321.0][Nouvelle combi[2.5999178667340743[171.70500331897134
[819.0, 411.0, 909.0, 501.0][729.0, 501.0, 819.0, 591.0][639.0, 411.0, 729.0, 501.0][639.0, 231.0, 729.0, 321.0][Nouvelle combi[2.544176784265204[174.24918010323654


Bonnes réponses=[ 30.00
Erreurs couleur:[ 0.00
Erreurs répétition:[ 23.00
Erreurs même cercle:[ 0.00
Erreurs à côté:[ 1.00
Erreurs totales:[24
Nombre de réponses:[54
Taux de réussite=[ 55.56
RTmoy reussi sec=[ 5.808
RTmoy deja fait sec=[ 2.878
RTmoy tot sec=[ 4.537
RTmax sec=[ 8.056
RTmin sec=[ 2.205

