
TACHE SPATIALE DIFFICILE FORT GAIN

Coord distracteur bleu 1 [459.0, 411.0, 549.0, 501.0]
Coord distracteur bleu 2 [279.0, 591.0, 369.0, 681.0]
Coord distracteur bleu 3 [639.0, 231.0, 729.0, 321.0]
Coord distracteur rouge 1 [999.0, 591.0, 1089.0, 681.0]
Coord distracteur rouge 2 [369.0, 501.0, 459.0, 591.0]

[Coord Cercle 1[Coord Cercle 2[Coord Cercle 3[Coord Cercle 4[Combi[RT
[459.0, 591.0, 549.0, 681.0][549.0, 501.0, 639.0, 591.0][639.0, 591.0, 729.0, 681.0][729.0, 501.0, 819.0, 591.0][Nouvelle combi[2.714680380142795
[819.0, 411.0, 909.0, 501.0][729.0, 501.0, 819.0, 591.0][819.0, 591.0, 909.0, 681.0][909.0, 501.0, 999.0, 591.0][Nouvelle combi[2.3261457925214586
[909.0, 501.0, 999.0, 591.0][819.0, 411.0, 909.0, 501.0][729.0, 321.0, 819.0, 411.0][639.0, 411.0, 729.0, 501.0][Nouvelle combi[2.121701493945693
[549.0, 321.0, 639.0, 411.0][639.0, 411.0, 729.0, 501.0][729.0, 321.0, 819.0, 411.0][819.0, 411.0, 909.0, 501.0][Nouvelle combi[2.164445611393603
[729.0, 501.0, 819.0, 591.0][639.0, 411.0, 729.0, 501.0][549.0, 501.0, 639.0, 591.0][459.0, 591.0, 549.0, 681.0][Nouvelle combi[2.9790950172409794
[639.0, 411.0, 729.0, 501.0][549.0, 501.0, 639.0, 591.0][639.0, 591.0, 729.0, 681.0][729.0, 501.0, 819.0, 591.0][Nouvelle combi[1.9907651471484087
[549.0, 321.0, 639.0, 411.0][639.0, 411.0, 729.0, 501.0][729.0, 321.0, 819.0, 411.0][729.0, 501.0, 819.0, 591.0][Nouvelle combi[2.370578932145804
[819.0, 591.0, 909.0, 681.0][729.0, 501.0, 819.0, 591.0][639.0, 411.0, 729.0, 501.0][549.0, 321.0, 639.0, 411.0][Nouvelle combi[2.1698400618665232
[459.0, 591.0, 549.0, 681.0][549.0, 501.0, 639.0, 591.0][639.0, 411.0, 729.0, 501.0][729.0, 321.0, 819.0, 411.0][Nouvelle combi[2.037271308161394
[639.0, 591.0, 729.0, 681.0][729.0, 501.0, 819.0, 591.0][819.0, 411.0, 909.0, 501.0][909.0, 501.0, 999.0, 591.0][Nouvelle combi[2.290048635797632
[909.0, 501.0, 999.0, 591.0][819.0, 591.0, 909.0, 681.0][729.0, 501.0, 819.0, 591.0][639.0, 591.0, 729.0, 681.0][Nouvelle combi[2.493321244469257
[459.0, 591.0, 549.0, 681.0][549.0, 501.0, 639.0, 591.0][639.0, 591.0, 729.0, 681.0][729.0, 501.0, 819.0, 591.0][Combi déjà faite[2.2227113380279775
[819.0, 411.0, 909.0, 501.0][729.0, 501.0, 819.0, 591.0][639.0, 411.0, 729.0, 501.0][549.0, 501.0, 639.0, 591.0][Nouvelle combi[2.7006828703941324
[549.0, 321.0, 639.0, 411.0][639.0, 411.0, 729.0, 501.0][729.0, 321.0, 819.0, 411.0][819.0, 411.0, 909.0, 501.0][Combi déjà faite[2.0068943448321193
[549.0, 501.0, 639.0, 591.0][819.0, 411.0, 909.0, 501.0][819.0, 591.0, 909.0, 681.0][729.0, 321.0, 819.0, 411.0][Nouvelle combi[3.391543401962224
[909.0, 501.0, 999.0, 591.0][459.0, 591.0, 549.0, 681.0][549.0, 321.0, 639.0, 411.0][729.0, 321.0, 819.0, 411.0][Nouvelle combi[2.9744308216803574
[549.0, 501.0, 639.0, 591.0][639.0, 591.0, 729.0, 681.0][819.0, 411.0, 909.0, 501.0][549.0, 321.0, 639.0, 411.0][Nouvelle combi[2.8864203355480527
[729.0, 321.0, 819.0, 411.0][639.0, 411.0, 729.0, 501.0][459.0, 591.0, 549.0, 681.0][819.0, 591.0, 909.0, 681.0][Nouvelle combi[3.7767594322883156
[549.0, 501.0, 639.0, 591.0][729.0, 501.0, 819.0, 591.0][549.0, 321.0, 639.0, 411.0][729.0, 321.0, 819.0, 411.0][Nouvelle combi[3.472309185006793
[639.0, 411.0, 729.0, 501.0][639.0, 591.0, 729.0, 681.0][819.0, 411.0, 909.0, 501.0][819.0, 591.0, 909.0, 681.0][Nouvelle combi[3.129456965216491
[909.0, 501.0, 999.0, 591.0][819.0, 591.0, 909.0, 681.0][639.0, 411.0, 729.0, 501.0][729.0, 321.0, 819.0, 411.0][Nouvelle combi[2.8812999357950275
[819.0, 411.0, 909.0, 501.0][729.0, 501.0, 819.0, 591.0][459.0, 591.0, 549.0, 681.0][549.0, 501.0, 639.0, 591.0][Nouvelle combi[2.9435316030121044
[549.0, 321.0, 639.0, 411.0][639.0, 411.0, 729.0, 501.0][819.0, 411.0, 909.0, 501.0][909.0, 501.0, 999.0, 591.0][Nouvelle combi[2.944048935284229
[819.0, 591.0, 909.0, 681.0][729.0, 501.0, 819.0, 591.0][729.0, 321.0, 819.0, 411.0][819.0, 411.0, 909.0, 501.0][Nouvelle combi[2.648329336760355
[549.0, 501.0, 639.0, 591.0][639.0, 591.0, 729.0, 681.0][729.0, 321.0, 819.0, 411.0][819.0, 411.0, 909.0, 501.0][Nouvelle combi[2.7653990453353003
[639.0, 411.0, 729.0, 501.0][729.0, 501.0, 819.0, 591.0][459.0, 591.0, 549.0, 681.0][729.0, 321.0, 819.0, 411.0][Nouvelle combi[4.151121331033153
[549.0, 321.0, 639.0, 411.0][549.0, 501.0, 639.0, 591.0][819.0, 591.0, 909.0, 681.0][819.0, 411.0, 909.0, 501.0][Nouvelle combi[3.899437744743068
[639.0, 591.0, 729.0, 681.0][729.0, 501.0, 819.0, 591.0][639.0, 411.0, 729.0, 501.0][459.0, 591.0, 549.0, 681.0][Nouvelle combi[4.870534829672124
[819.0, 411.0, 909.0, 501.0][729.0, 501.0, 819.0, 591.0][729.0, 321.0, 819.0, 411.0][549.0, 321.0, 639.0, 411.0][Nouvelle combi[3.584504647169979
[729.0, 321.0, 819.0, 411.0][639.0, 411.0, 729.0, 501.0][729.0, 501.0, 819.0, 591.0][909.0, 501.0, 999.0, 591.0][Nouvelle combi[2.399993846166467
[819.0, 411.0, 909.0, 501.0][459.0, 591.0, 549.0, 681.0][639.0, 411.0, 729.0, 501.0][639.0, 591.0, 729.0, 681.0][Nouvelle combi[5.133432751932787
[549.0, 501.0, 639.0, 591.0][729.0, 501.0, 819.0, 591.0][909.0, 501.0, 999.0, 591.0][729.0, 321.0, 819.0, 411.0][Nouvelle combi[2.8982086190592327
[549.0, 321.0, 639.0, 411.0][639.0, 411.0, 729.0, 501.0][909.0, 501.0, 999.0, 591.0][819.0, 591.0, 909.0, 681.0][Nouvelle combi[5.826733073368018
[729.0, 321.0, 819.0, 411.0][639.0, 411.0, 729.0, 501.0][639.0, 591.0, 729.0, 681.0][819.0, 591.0, 909.0, 681.0][Nouvelle combi[4.125159948389751
[459.0, 591.0, 549.0, 681.0][549.0, 501.0, 639.0, 591.0][909.0, 501.0, 999.0, 591.0][819.0, 411.0, 909.0, 501.0][Nouvelle combi[2.5371574622411117
[819.0, 591.0, 909.0, 681.0][639.0, 411.0, 729.0, 501.0][549.0, 321.0, 639.0, 411.0][819.0, 411.0, 909.0, 501.0][Nouvelle combi[3.5100563896278345
[639.0, 591.0, 729.0, 681.0][729.0, 501.0, 819.0, 591.0][729.0, 321.0, 819.0, 411.0][459.0, 591.0, 549.0, 681.0][Nouvelle combi[4.373212362641311
[909.0, 501.0, 999.0, 591.0][819.0, 411.0, 909.0, 501.0][729.0, 501.0, 819.0, 591.0][729.0, 321.0, 819.0, 411.0][Nouvelle combi[4.361617719758442
[639.0, 411.0, 729.0, 501.0][639.0, 591.0, 729.0, 681.0][549.0, 501.0, 639.0, 591.0][549.0, 321.0, 639.0, 411.0][Nouvelle combi[2.509786441463689
[729.0, 321.0, 819.0, 411.0][729.0, 501.0, 819.0, 591.0][819.0, 411.0, 909.0, 501.0][909.0, 501.0, 999.0, 591.0][Combi déjà faite[2.129730605680834
[909.0, 501.0, 999.0, 591.0][549.0, 321.0, 639.0, 411.0][459.0, 591.0, 549.0, 681.0][729.0, 501.0, 819.0, 591.0][Nouvelle combi[3.061288899920214
[549.0, 501.0, 639.0, 591.0][639.0, 411.0, 729.0, 501.0][729.0, 321.0, 819.0, 411.0][639.0, 591.0, 729.0, 681.0][Nouvelle combi[3.5672172980157484
[819.0, 591.0, 909.0, 681.0][729.0, 501.0, 819.0, 591.0][639.0, 411.0, 729.0, 501.0][729.0, 321.0, 819.0, 411.0][Nouvelle combi[2.1104317734733513
[459.0, 591.0, 549.0, 681.0][549.0, 501.0, 639.0, 591.0][639.0, 411.0, 729.0, 501.0][729.0, 501.0, 819.0, 591.0][Combi déjà faite[3.5852299790154802
[819.0, 411.0, 909.0, 501.0][729.0, 321.0, 819.0, 411.0][639.0, 411.0, 729.0, 501.0][549.0, 321.0, 639.0, 411.0][Combi déjà faite[2.754555580398801
[549.0, 321.0, 639.0, 411.0][549.0, 501.0, 639.0, 591.0][639.0, 411.0, 729.0, 501.0][909.0, 501.0, 999.0, 591.0][Nouvelle combi[4.359186955514019
[819.0, 411.0, 909.0, 501.0][729.0, 501.0, 819.0, 591.0]
30 sec
[639.0, 411.0, 729.0, 501.0][549.0, 321.0, 639.0, 411.0][Nouvelle combi[2.5663701202664697
[459.0, 591.0, 549.0, 681.0][549.0, 501.0, 639.0, 591.0][639.0, 411.0, 729.0, 501.0][819.0, 591.0, 909.0, 681.0][Nouvelle combi[2.4480175425280777
[639.0, 591.0, 729.0, 681.0][729.0, 501.0, 819.0, 591.0][819.0, 411.0, 909.0, 501.0][729.0, 321.0, 819.0, 411.0][Nouvelle combi[1.8666168889909613
[819.0, 411.0, 909.0, 501.0][729.0, 501.0, 819.0, 591.0][819.0, 591.0, 909.0, 681.0][909.0, 501.0, 999.0, 591.0][Combi déjà faite[1.6259154340197028
[729.0, 321.0, 819.0, 411.0][639.0, 411.0, 729.0, 501.0][549.0, 321.0, 639.0, 411.0][549.0, 501.0, 639.0, 591.0][Nouvelle combi[1.5570224471334768
[639.0, 411.0, 729.0, 501.0][729.0, 501.0, 819.0, 591.0][819.0, 411.0, 909.0, 501.0][729.0, 321.0, 819.0, 411.0][Nouvelle combi[1.856382243318535
[549.0, 501.0, 639.0, 591.0][639.0, 591.0, 729.0, 681.0][459.0, 591.0, 549.0, 681.0][639.0, 411.0, 729.0, 501.0][Nouvelle combi[1.4949606257217738
[549.0, 321.0, 639.0, 411.0][639.0, 411.0, 729.0, 501.0][729.0, 321.0, 819.0, 411.0][729.0, 501.0, 819.0, 591.0][Combi déjà faite[1.7389141765862632
[729.0, 321.0, 819.0, 411.0][819.0, 411.0, 909.0, 501.0][909.0, 501.0, 999.0, 591.0][729.0, 501.0, 819.0, 591.0][Combi déjà faite[1.7240592326990054
[729.0, 321.0, 819.0, 411.0][639.0, 411.0, 729.0, 501.0][729.0, 501.0, 819.0, 591.0][819.0, 411.0, 909.0, 501.0][Combi déjà faite[1.498536003003096
[639.0, 411.0, 729.0, 501.0][549.0, 501.0, 639.0, 591.0][639.0, 591.0, 729.0, 681.0][729.0, 501.0, 819.0, 591.0][Combi déjà faite[1.4553570146523498
[729.0, 321.0, 819.0, 411.0][639.0, 411.0, 729.0, 501.0][729.0, 501.0, 819.0, 591.0][819.0, 411.0, 909.0, 501.0][Combi déjà faite[1.308170034523073
[549.0, 321.0, 639.0, 411.0][549.0, 501.0, 639.0, 591.0][729.0, 501.0, 819.0, 591.0][729.0, 321.0, 819.0, 411.0][Combi déjà faite[1.557120908469983
[639.0, 411.0, 729.0, 501.0][639.0, 591.0, 729.0, 681.0][819.0, 411.0, 909.0, 501.0][819.0, 591.0, 909.0, 681.0][Combi déjà faite[1.461301207587212
[729.0, 501.0, 819.0, 591.0][729.0, 321.0, 819.0, 411.0][549.0, 321.0, 639.0, 411.0][549.0, 501.0, 639.0, 591.0][Combi déjà faite[1.2219252883584204
[639.0, 411.0, 729.0, 501.0][819.0, 411.0, 909.0, 501.0][729.0, 501.0, 819.0, 591.0][639.0, 591.0, 729.0, 681.0][Nouvelle combi[1.6330272143031834
[819.0, 591.0, 909.0, 681.0][909.0, 501.0, 999.0, 591.0][819.0, 411.0, 909.0, 501.0][729.0, 321.0, 819.0, 411.0][Nouvelle combi[1.4025111743360412


Bonnes réponses=[ 49.00
Erreurs couleur:[ 0.00
Erreurs répétition:[ 14.00
Erreurs même cercle:[ 0.00
Erreurs à côté:[ 0.00
Erreurs totales:[14
Nombre de réponses:[63
Taux de réussite=[ 77.78
RTmoy reussi sec=[ 2.944
RTmoy deja fait sec=[ 1.878
RTmoy tot sec=[ 2.707
RTmax sec=[ 5.827
RTmin sec=[ 1.403

