
TACHE SPATIALE DIFFICILE FAIBLE GAIN

Coord distracteur bleu 1 [999.0, 591.0, 1089.0, 681.0]
Coord distracteur bleu 2 [819.0, 411.0, 909.0, 501.0]
Coord distracteur bleu 3 [279.0, 591.0, 369.0, 681.0]
Coord distracteur rouge 1 [549.0, 501.0, 639.0, 591.0]
Coord distracteur rouge 2 [459.0, 591.0, 549.0, 681.0]

[Coord Cercle 1[Coord Cercle 2[Coord Cercle 3[Coord Cercle 4[Combi[RT
[639.0, 411.0, 729.0, 501.0][729.0, 501.0, 819.0, 591.0][819.0, 591.0, 909.0, 681.0][909.0, 501.0, 999.0, 591.0][Nouvelle combi[2.97477866666668
[639.0, 411.0, 729.0, 501.0][729.0, 321.0, 819.0, 411.0][639.0, 231.0, 729.0, 321.0][549.0, 321.0, 639.0, 411.0][Nouvelle combi[1.7189829743590508
[639.0, 591.0, 729.0, 681.0][729.0, 501.0, 819.0, 591.0][639.0, 411.0, 729.0, 501.0][729.0, 321.0, 819.0, 411.0][Nouvelle combi[2.460722461538353
[909.0, 501.0, 999.0, 591.0][819.0, 591.0, 909.0, 681.0][729.0, 501.0, 819.0, 591.0][639.0, 411.0, 729.0, 501.0][Combi déjà faite[1.4126756923077437
[369.0, 501.0, 459.0, 591.0][459.0, 411.0, 549.0, 501.0][549.0, 321.0, 639.0, 411.0][639.0, 231.0, 729.0, 321.0][Nouvelle combi[1.454515692307723
[639.0, 231.0, 729.0, 321.0][549.0, 321.0, 639.0, 411.0][639.0, 411.0, 729.0, 501.0][729.0, 501.0, 819.0, 591.0][Nouvelle combi[2.6006994871794404
[729.0, 321.0, 819.0, 411.0][639.0, 411.0, 729.0, 501.0][729.0, 501.0, 819.0, 591.0][819.0, 591.0, 909.0, 681.0][Nouvelle combi[1.3012164102564157
[819.0, 591.0, 909.0, 681.0][729.0, 501.0, 819.0, 591.0][639.0, 411.0, 729.0, 501.0][549.0, 321.0, 639.0, 411.0][Nouvelle combi[2.7585062564102145
[369.0, 501.0, 459.0, 591.0][459.0, 411.0, 549.0, 501.0][549.0, 321.0, 639.0, 411.0][729.0, 321.0, 819.0, 411.0][Nouvelle combi[2.650929641025641
[639.0, 231.0, 729.0, 321.0][639.0, 411.0, 729.0, 501.0][639.0, 591.0, 729.0, 681.0][729.0, 501.0, 819.0, 591.0][Nouvelle combi[1.8511204102563852
[639.0, 231.0, 729.0, 321.0][729.0, 321.0, 819.0, 411.0][639.0, 411.0, 729.0, 501.0][729.0, 501.0, 819.0, 591.0][Nouvelle combi[1.9997899487179893
[909.0, 501.0, 999.0, 591.0][819.0, 591.0, 909.0, 681.0][729.0, 501.0, 819.0, 591.0][639.0, 411.0, 729.0, 501.0][Combi déjà faite[1.7490994871794783
[729.0, 321.0, 819.0, 411.0][639.0, 411.0, 729.0, 501.0][729.0, 501.0, 819.0, 591.0][819.0, 591.0, 909.0, 681.0][Combi déjà faite[1.431049025641073
[639.0, 411.0, 729.0, 501.0][549.0, 321.0, 639.0, 411.0][639.0, 231.0, 729.0, 321.0][729.0, 321.0, 819.0, 411.0][Combi déjà faite[1.2665887179487072
[369.0, 501.0, 459.0, 591.0][459.0, 411.0, 549.0, 501.0][550, 414[[A cote
[639.0, 231.0, 729.0, 321.0][549.0, 321.0, 639.0, 411.0][459.0, 411.0, 549.0, 501.0][369.0, 501.0, 459.0, 591.0][Combi déjà faite[1.6525563076922936
[549.0, 321.0, 639.0, 411.0][639.0, 411.0, 729.0, 501.0][729.0, 501.0, 819.0, 591.0][819.0, 591.0, 909.0, 681.0][Combi déjà faite[1.314210051282089
[909.0, 501.0, 999.0, 591.0][819.0, 591.0, 909.0, 681.0][729.0, 501.0, 819.0, 591.0][639.0, 411.0, 729.0, 501.0][Combi déjà faite[1.4451097435897964
[729.0, 321.0, 819.0, 411.0][639.0, 231.0, 729.0, 321.0][549.0, 321.0, 639.0, 411.0][639.0, 411.0, 729.0, 501.0][Combi déjà faite[1.3240882051281915
[729.0, 501.0, 819.0, 591.0][639.0, 411.0, 729.0, 501.0][549.0, 321.0, 639.0, 411.0][459.0, 411.0, 549.0, 501.0][Nouvelle combi[1.7250789743590076
[639.0, 591.0, 729.0, 681.0][729.0, 501.0, 819.0, 591.0][639.0, 411.0, 729.0, 501.0][549.0, 321.0, 639.0, 411.0][Nouvelle combi[1.7596020512820587
[369.0, 501.0, 459.0, 591.0][459.0, 411.0, 549.0, 501.0][549.0, 321.0, 639.0, 411.0][639.0, 231.0, 729.0, 321.0][Combi déjà faite[1.5870018461538393
[639.0, 231.0, 729.0, 321.0][729.0, 321.0, 819.0, 411.0][639.0, 411.0, 729.0, 501.0][729.0, 501.0, 819.0, 591.0][Combi déjà faite[2.389722666666671
[639.0, 231.0, 729.0, 321.0][549.0, 321.0, 639.0, 411.0][639.0, 411.0, 729.0, 501.0][729.0, 501.0, 819.0, 591.0][Combi déjà faite[2.2581021538461528
[639.0, 591.0, 729.0, 681.0][729.0, 501.0, 819.0, 591.0][819.0, 591.0, 909.0, 681.0][909.0, 501.0, 999.0, 591.0][Nouvelle combi[1.7419655384614998
[639.0, 411.0, 729.0, 501.0][729.0, 321.0, 819.0, 411.0][639.0, 231.0, 729.0, 321.0][549.0, 321.0, 639.0, 411.0][Combi déjà faite[2.045265230769246
[369.0, 501.0, 459.0, 591.0][459.0, 411.0, 549.0, 501.0][549.0, 321.0, 639.0, 411.0][639.0, 231.0, 729.0, 321.0][Combi déjà faite[1.1881554871795288
[549.0, 321.0, 639.0, 411.0][639.0, 411.0, 729.0, 501.0][729.0, 321.0, 819.0, 411.0][639.0, 231.0, 729.0, 321.0][Combi déjà faite[1.1045690256410126
[459.0, 411.0, 549.0, 501.0][549.0, 321.0, 639.0, 411.0][639.0, 411.0, 729.0, 501.0][729.0, 501.0, 819.0, 591.0][Combi déjà faite[1.4856426666666493
[639.0, 231.0, 729.0, 321.0][549.0, 321.0, 639.0, 411.0][639.0, 411.0, 729.0, 501.0][729.0, 501.0, 819.0, 591.0][Combi déjà faite[1.2314629743589194
[729.0, 321.0, 819.0, 411.0][639.0, 411.0, 729.0, 501.0][729.0, 501.0, 819.0, 591.0][819.0, 591.0, 909.0, 681.0][Combi déjà faite[1.4982765128205529
[909.0, 501.0, 999.0, 591.0][819.0, 591.0, 909.0, 681.0][729.0, 501.0, 819.0, 591.0][639.0, 411.0, 729.0, 501.0][Combi déjà faite[1.382503384615461
[639.0, 591.0, 729.0, 681.0][729.0, 501.0, 819.0, 591.0][819.0, 591.0, 909.0, 681.0][909.0, 501.0, 999.0, 591.0][Combi déjà faite[1.5929070769230975
[369.0, 501.0, 459.0, 591.0][459.0, 411.0, 549.0, 501.0][549.0, 321.0, 639.0, 411.0][639.0, 411.0, 729.0, 501.0][Nouvelle combi[1.697901948717913
[639.0, 591.0, 729.0, 681.0][729.0, 501.0, 819.0, 591.0][639.0, 411.0, 729.0, 501.0][549.0, 321.0, 639.0, 411.0][Combi déjà faite[1.6913161025640875
[369.0, 501.0, 459.0, 591.0][459.0, 411.0, 549.0, 501.0][549.0, 321.0, 639.0, 411.0][639.0, 231.0, 729.0, 321.0][Combi déjà faite[1.4350096410256583
[639.0, 231.0, 729.0, 321.0][729.0, 321.0, 819.0, 411.0][639.0, 411.0, 729.0, 501.0][729.0, 501.0, 819.0, 591.0][Combi déjà faite[1.3894715897436072
[639.0, 591.0, 729.0, 681.0][819.0, 591.0, 909.0, 681.0][909.0, 501.0, 999.0, 591.0][729.0, 501.0, 819.0, 591.0][Combi déjà faite[1.8759470769231257
[639.0, 591.0, 729.0, 681.0][729.0, 501.0, 819.0, 591.0][819.0, 591.0, 909.0, 681.0][909.0, 501.0, 999.0, 591.0][Combi déjà faite[1.7305452307691667
[729.0, 321.0, 819.0, 411.0][639.0, 411.0, 729.0, 501.0][549.0, 321.0, 639.0, 411.0][639.0, 231.0, 729.0, 321.0][Combi déjà faite[1.126603076923061
[729.0, 321.0, 819.0, 411.0][639.0, 411.0, 729.0, 501.0][729.0, 501.0, 819.0, 591.0][819.0, 591.0, 909.0, 681.0][Combi déjà faite[2.0072598974359153
[639.0, 231.0, 729.0, 321.0][549.0, 321.0, 639.0, 411.0][639.0, 411.0, 729.0, 501.0][729.0, 321.0, 819.0, 411.0][Combi déjà faite[1.368713025641
[459.0, 411.0, 549.0, 501.0][549.0, 321.0, 639.0, 411.0][639.0, 231.0, 729.0, 321.0][729.0, 321.0, 819.0, 411.0][Nouvelle combi[1.4211298461539172
[729.0, 321.0, 819.0, 411.0][639.0, 231.0, 729.0, 321.0][549.0, 321.0, 639.0, 411.0][459.0, 411.0, 549.0, 501.0][Combi déjà faite[1.7143963076922546
[639.0, 411.0, 729.0, 501.0][549.0, 321.0, 639.0, 411.0][459.0, 411.0, 549.0, 501.0][369.0, 501.0, 459.0, 591.0][Combi déjà faite[2.269844102564093
[639.0, 411.0, 729.0, 501.0][549.0, 321.0, 639.0, 411.0][639.0, 231.0, 729.0, 321.0][729.0, 321.0, 819.0, 411.0][Combi déjà faite[1.4740771282050673
[729.0, 501.0, 819.0, 591.0][819.0, 591.0, 909.0, 681.0][909.0, 501.0, 999.0, 591.0][639.0, 591.0, 729.0, 681.0][Combi déjà faite[1.6335355897435875
[639.0, 411.0, 729.0, 501.0][729.0, 321.0, 819.0, 411.0][639.0, 231.0, 729.0, 321.0][549.0, 321.0, 639.0, 411.0][Combi déjà faite[1.4335712820512754
[460, 561[[[[A cote
[369.0, 501.0, 459.0, 591.0][459.0, 411.0, 549.0, 501.0][549.0, 321.0, 639.0, 411.0][639.0, 231.0, 729.0, 321.0][Combi déjà faite[1.786328205128143
[549.0, 321.0, 639.0, 411.0][639.0, 411.0, 729.0, 501.0][729.0, 501.0, 819.0, 591.0][819.0, 591.0, 909.0, 681.0][Combi déjà faite[1.449462974358994
[729.0, 321.0, 819.0, 411.0][639.0, 231.0, 729.0, 321.0][549.0, 321.0, 639.0, 411.0][639.0, 411.0, 729.0, 501.0][Combi déjà faite[1.945494974358894
[549.0, 321.0, 639.0, 411.0][639.0, 411.0, 729.0, 501.0][729.0, 501.0, 819.0, 591.0][819.0, 591.0, 909.0, 681.0][Combi déjà faite[1.74680779487187
[639.0, 591.0, 729.0, 681.0][729.0, 501.0, 819.0, 591.0][819.0, 591.0, 909.0, 681.0][909.0, 501.0, 999.0, 591.0][Combi déjà faite[1.6294933333332438
[639.0, 411.0, 729.0, 501.0][549.0, 321.0, 639.0, 411.0][639.0, 231.0, 729.0, 321.0][729.0, 321.0, 819.0, 411.0][Combi déjà faite[1.4890670769231065
[639.0, 231.0, 729.0, 321.0][729.0, 321.0, 819.0, 411.0][639.0, 411.0, 729.0, 501.0][729.0, 501.0, 819.0, 591.0][Combi déjà faite[1.9424369230769116
[549.0, 321.0, 639.0, 411.0][639.0, 411.0, 729.0, 501.0][729.0, 501.0, 819.0, 591.0][819.0, 591.0, 909.0, 681.0][Combi déjà faite[2.080637128205126
[639.0, 591.0, 729.0, 681.0][729.0, 501.0, 819.0, 591.0][639.0, 411.0, 729.0, 501.0][729.0, 321.0, 819.0, 411.0][Combi déjà faite[1.8189476923076882
[459.0, 411.0, 549.0, 501.0][549.0, 321.0, 639.0, 411.0][639.0, 411.0, 729.0, 501.0][729.0, 321.0, 819.0, 411.0][Nouvelle combi[2.471346051282012
[639.0, 231.0, 729.0, 321.0][549.0, 321.0, 639.0, 411.0][639.0, 411.0, 729.0, 501.0][729.0, 501.0, 819.0, 591.0][Combi déjà faite[1.8438420512820812
[459.0, 411.0, 549.0, 501.0][549.0, 321.0, 639.0, 411.0][639.0, 411.0, 729.0, 501.0][729.0, 501.0, 819.0, 591.0][Combi déjà faite[1.9218350769231165
[729.0, 321.0, 819.0, 411.0][639.0, 411.0, 729.0, 501.0][729.0, 501.0, 819.0, 591.0][819.0, 591.0, 909.0, 681.0][Combi déjà faite[1.6733321025641317
[909.0, 501.0, 999.0, 591.0][819.0, 591.0, 909.0, 681.0][729.0, 501.0, 819.0, 591.0][639.0, 411.0, 729.0, 501.0][Combi déjà faite[1.529797333333363
[729.0, 321.0, 819.0, 411.0][639.0, 231.0, 729.0, 321.0][549.0, 321.0, 639.0, 411.0][639.0, 411.0, 729.0, 501.0][Combi déjà faite[1.299312410256448
[459.0, 411.0, 549.0, 501.0][549.0, 321.0, 639.0, 411.0][639.0, 411.0, 729.0, 501.0][729.0, 501.0, 819.0, 591.0][Combi déjà faite[2.18736123076917
[639.0, 231.0, 729.0, 321.0][549.0, 321.0, 639.0, 411.0][639.0, 411.0, 729.0, 501.0][729.0, 501.0, 819.0, 591.0][Combi déjà faite[1.5442810256409985
[729.0, 321.0, 819.0, 411.0][639.0, 411.0, 729.0, 501.0][729.0, 501.0, 819.0, 591.0][639.0, 591.0, 729.0, 681.0][Combi déjà faite[1.3213472820513061
[459.0, 411.0, 549.0, 501.0][549.0, 321.0, 639.0, 411.0][639.0, 411.0, 729.0, 501.0][729.0, 501.0, 819.0, 591.0][Combi déjà faite[1.769508102564032
[459.0, 411.0, 549.0, 501.0][549.0, 321.0, 639.0, 411.0][639.0, 411.0, 729.0, 501.0][729.0, 321.0, 819.0, 411.0][Combi déjà faite[1.3987844102564395
[639.0, 231.0, 729.0, 321.0][549.0, 321.0, 639.0, 411.0][639.0, 411.0, 729.0, 501.0][729.0, 321.0, 819.0, 411.0][Combi déjà faite[1.3059692307691648
[639.0, 231.0, 729.0, 321.0][549.0, 321.0, 639.0, 411.0][639.0, 411.0, 729.0, 501.0][729.0, 501.0, 819.0, 591.0][Combi déjà faite[1.3353132307692022
[819.0, 591.0, 909.0, 681.0][729.0, 501.0, 819.0, 591.0][639.0, 411.0, 729.0, 501.0][729.0, 321.0, 819.0, 411.0][Combi déjà faite[1.3961349743589153
[639.0, 591.0, 729.0, 681.0][729.0, 501.0, 819.0, 591.0][639.0, 411.0, 729.0, 501.0][549.0, 321.0, 639.0, 411.0][Combi déjà faite[1.3271643076922146
[639.0, 231.0, 729.0, 321.0][549.0, 321.0, 639.0, 411.0][639.0, 411.0, 729.0, 501.0][729.0, 321.0, 819.0, 411.0][Combi déjà faite[1.5658998974358838
[729.0, 501.0, 819.0, 591.0][819.0, 591.0, 909.0, 681.0][639.0, 591.0, 729.0, 681.0][909.0, 501.0, 999.0, 591.0][Combi déjà faite[3.7581501538461453
[729.0, 501.0, 819.0, 591.0][639.0, 411.0, 729.0, 501.0][729.0, 321.0, 819.0, 411.0][639.0, 231.0, 729.0, 321.0][Combi déjà faite[1.714353641025582
[369.0, 501.0, 459.0, 591.0][459.0, 411.0, 549.0, 501.0][549.0, 321.0, 639.0, 411.0][639.0, 231.0, 729.0, 321.0][Combi déjà faite[2.0336180512820192
[639.0, 231.0, 729.0, 321.0][639.0, 411.0, 729.0, 501.0][729.0, 501.0, 819.0, 591.0][819.0, 591.0, 909.0, 681.0][Nouvelle combi[2.244349538461506
[639.0, 231.0, 729.0, 321.0][729.0, 321.0, 819.0, 411.0][639.0, 411.0, 729.0, 501.0][729.0, 501.0, 819.0, 591.0][Combi déjà faite[1.823332102564109
[819.0, 591.0, 909.0, 681.0][729.0, 501.0, 819.0, 591.0][639.0, 411.0, 729.0, 501.0][549.0, 321.0, 639.0, 411.0][Combi déjà faite[1.7887015384616234
[639.0, 231.0, 729.0, 321.0][729.0, 321.0, 819.0, 411.0]
30 sec
[639.0, 411.0, 729.0, 501.0][729.0, 501.0, 819.0, 591.0][Combi déjà faite[2.2886941538462224
[639.0, 591.0, 729.0, 681.0][729.0, 501.0, 819.0, 591.0][639.0, 411.0, 729.0, 501.0][729.0, 321.0, 819.0, 411.0][Combi déjà faite[1.4910514871795613
[549.0, 321.0, 639.0, 411.0][639.0, 411.0, 729.0, 501.0][729.0, 501.0, 819.0, 591.0][819.0, 591.0, 909.0, 681.0][Combi déjà faite[1.4091954871794314
[909.0, 501.0, 999.0, 591.0][819.0, 591.0, 909.0, 681.0][729.0, 501.0, 819.0, 591.0][639.0, 411.0, 729.0, 501.0][Combi déjà faite[1.3718843076923122
[729.0, 321.0, 819.0, 411.0][639.0, 411.0, 729.0, 501.0][729.0, 501.0, 819.0, 591.0][819.0, 591.0, 909.0, 681.0][Combi déjà faite[1.1024118974358998
[639.0, 591.0, 729.0, 681.0][729.0, 501.0, 819.0, 591.0][639.0, 411.0, 729.0, 501.0][549.0, 321.0, 639.0, 411.0][Combi déjà faite[1.2170822564103219
[369.0, 501.0, 459.0, 591.0][459.0, 411.0, 549.0, 501.0][549.0, 321.0, 639.0, 411.0][639.0, 231.0, 729.0, 321.0][Combi déjà faite[1.3490888205128613
[549.0, 321.0, 639.0, 411.0][639.0, 411.0, 729.0, 501.0][729.0, 501.0, 819.0, 591.0][819.0, 591.0, 909.0, 681.0][Combi déjà faite[1.2676791794871178
[909.0, 501.0, 999.0, 591.0][819.0, 591.0, 909.0, 681.0][729.0, 501.0, 819.0, 591.0][639.0, 411.0, 729.0, 501.0][Combi déjà faite[1.369881025641007
[639.0, 231.0, 729.0, 321.0][729.0, 321.0, 819.0, 411.0][639.0, 411.0, 729.0, 501.0][549.0, 321.0, 639.0, 411.0][Combi déjà faite[1.1630264615383794
[639.0, 231.0, 729.0, 321.0][549.0, 321.0, 639.0, 411.0][639.0, 411.0, 729.0, 501.0][729.0, 501.0, 819.0, 591.0][Combi déjà faite[1.5827987692307488
[639.0, 591.0, 729.0, 681.0][729.0, 501.0, 819.0, 591.0][639.0, 411.0, 729.0, 501.0][729.0, 321.0, 819.0, 411.0][Combi déjà faite[1.132857846153911
[639.0, 231.0, 729.0, 321.0][549.0, 321.0, 639.0, 411.0][639.0, 411.0, 729.0, 501.0][729.0, 501.0, 819.0, 591.0][Combi déjà faite[1.4117903589743719
[639.0, 591.0, 729.0, 681.0][729.0, 501.0, 819.0, 591.0][639.0, 411.0, 729.0, 501.0][549.0, 321.0, 639.0, 411.0][Combi déjà faite[1.4826203076922866
[639.0, 231.0, 729.0, 321.0][549.0, 321.0, 639.0, 411.0][639.0, 411.0, 729.0, 501.0][729.0, 501.0, 819.0, 591.0][Combi déjà faite[1.2282633846153885
[819.0, 591.0, 909.0, 681.0][729.0, 501.0, 819.0, 591.0][639.0, 411.0, 729.0, 501.0][729.0, 321.0, 819.0, 411.0][Combi déjà faite[1.736629333333326
[369.0, 501.0, 459.0, 591.0][459.0, 411.0, 549.0, 501.0][549.0, 321.0, 639.0, 411.0][639.0, 231.0, 729.0, 321.0][Combi déjà faite[1.300534564102577
[549.0, 321.0, 639.0, 411.0][639.0, 411.0, 729.0, 501.0][729.0, 501.0, 819.0, 591.0][819.0, 591.0, 909.0, 681.0][Combi déjà faite[1.2617148717948794
[909.0, 501.0, 999.0, 591.0][819.0, 591.0, 909.0, 681.0][729.0, 501.0, 819.0, 591.0][639.0, 411.0, 729.0, 501.0][Combi déjà faite[1.163818256410309
[729.0, 321.0, 819.0, 411.0][639.0, 411.0, 729.0, 501.0][729.0, 501.0, 819.0, 591.0][819.0, 591.0, 909.0, 681.0][Combi déjà faite[1.239812923077011
[639.0, 591.0, 729.0, 681.0][729.0, 501.0, 819.0, 591.0][639.0, 411.0, 729.0, 501.0][729.0, 321.0, 819.0, 411.0][Combi déjà faite[1.1220549743590027


Bonnes réponses=[ 17.00
Erreurs couleur:[ 0.00
Erreurs répétition:[ 82.00
Erreurs même cercle:[ 0.00
Erreurs à côté:[ 2.00
Erreurs totales:[84
Nombre de réponses:[101
Taux de réussite=[ 16.83
RTmoy reussi sec=[ 2.049
RTmoy deja fait sec=[ 1.581
RTmoy tot sec=[ 1.661
RTmax sec=[ 2.975
RTmin sec=[ 1.301

