
TACHE SPATIALE DIFFICILE FORT GAIN

Coord distracteur bleu 1 [279.0, 591.0, 369.0, 681.0]
Coord distracteur bleu 2 [729.0, 501.0, 819.0, 591.0]
Coord distracteur bleu 3 [639.0, 231.0, 729.0, 321.0]
Coord distracteur rouge 1 [729.0, 321.0, 819.0, 411.0]
Coord distracteur rouge 2 [819.0, 591.0, 909.0, 681.0]

[Coord Cercle 1[Coord Cercle 2[Coord Cercle 3[Coord Cercle 4[Combi[RT
[549.0, 321.0, 639.0, 411.0][639.0, 411.0, 729.0, 501.0][549.0, 501.0, 639.0, 591.0][459.0, 411.0, 549.0, 501.0][Nouvelle combi[1.8431606153845905
[459.0, 591.0, 549.0, 681.0][369.0, 501.0, 459.0, 591.0][459.0, 411.0, 549.0, 501.0][549.0, 321.0, 639.0, 411.0][Nouvelle combi[1.103664820512904
[639.0, 411.0, 729.0, 501.0][549.0, 321.0, 639.0, 411.0][459.0, 411.0, 549.0, 501.0][369.0, 501.0, 459.0, 591.0][Nouvelle combi[1.1231060512819795
[459.0, 591.0, 549.0, 681.0][549.0, 501.0, 639.0, 591.0][639.0, 411.0, 729.0, 501.0][819.0, 411.0, 909.0, 501.0][Nouvelle combi[1.187698051282041
[549.0, 321.0, 639.0, 411.0][639.0, 411.0, 729.0, 501.0][549.0, 501.0, 639.0, 591.0][639.0, 591.0, 729.0, 681.0][Nouvelle combi[1.3139134358974616
[639.0, 591.0, 729.0, 681.0][549.0, 501.0, 639.0, 591.0][639.0, 411.0, 729.0, 501.0][549.0, 321.0, 639.0, 411.0][Combi déjà faite[1.4370215384615221
[369.0, 501.0, 459.0, 591.0][459.0, 411.0, 549.0, 501.0][549.0, 501.0, 639.0, 591.0][459.0, 591.0, 549.0, 681.0][Nouvelle combi[1.51645374358975
[639.0, 591.0, 729.0, 681.0][639.0, 411.0, 729.0, 501.0][549.0, 321.0, 639.0, 411.0][459.0, 411.0, 549.0, 501.0][Nouvelle combi[2.554108717948793
[639.0, 591.0, 729.0, 681.0][549.0, 501.0, 639.0, 591.0][639.0, 411.0, 729.0, 501.0][549.0, 321.0, 639.0, 411.0][Combi déjà faite[1.2287807179486663
[639.0, 411.0, 729.0, 501.0][549.0, 501.0, 639.0, 591.0][459.0, 591.0, 549.0, 681.0][369.0, 501.0, 459.0, 591.0][Nouvelle combi[1.3691618461539292
[369.0, 501.0, 459.0, 591.0][459.0, 411.0, 549.0, 501.0][549.0, 321.0, 639.0, 411.0][639.0, 411.0, 729.0, 501.0][Combi déjà faite[1.0333189743589628
[459.0, 591.0, 549.0, 681.0][549.0, 501.0, 639.0, 591.0][639.0, 411.0, 729.0, 501.0][549.0, 321.0, 639.0, 411.0][Nouvelle combi[0.9772709743589303
[369.0, 501.0, 459.0, 591.0][459.0, 411.0, 549.0, 501.0][549.0, 321.0, 639.0, 411.0][639.0, 411.0, 729.0, 501.0][Combi déjà faite[1.6147958974358971
[549.0, 321.0, 639.0, 411.0][459.0, 411.0, 549.0, 501.0][369.0, 501.0, 459.0, 591.0][459.0, 591.0, 549.0, 681.0][Combi déjà faite[1.5396209230768818
[369.0, 501.0, 459.0, 591.0][459.0, 411.0, 549.0, 501.0][549.0, 321.0, 639.0, 411.0][639.0, 411.0, 729.0, 501.0][Combi déjà faite[1.931058871794903
[459.0, 591.0, 549.0, 681.0][549.0, 501.0, 639.0, 591.0][639.0, 411.0, 729.0, 501.0][549.0, 321.0, 639.0, 411.0][Combi déjà faite[2.298698256410148
[639.0, 411.0, 729.0, 501.0][549.0, 501.0, 639.0, 591.0][459.0, 591.0, 549.0, 681.0][369.0, 501.0, 459.0, 591.0][Combi déjà faite[1.515657025641076
[639.0, 591.0, 729.0, 681.0][549.0, 501.0, 639.0, 591.0][459.0, 411.0, 549.0, 501.0][549.0, 321.0, 639.0, 411.0][Nouvelle combi[1.4862966153846173
[549.0, 321.0, 639.0, 411.0][459.0, 411.0, 549.0, 501.0][549.0, 501.0, 639.0, 591.0][639.0, 591.0, 729.0, 681.0][Combi déjà faite[1.0873780512820304
[369.0, 501.0, 459.0, 591.0][459.0, 411.0, 549.0, 501.0][549.0, 501.0, 639.0, 591.0][639.0, 591.0, 729.0, 681.0][Nouvelle combi[1.4979659487178196
[639.0, 411.0, 729.0, 501.0][549.0, 501.0, 639.0, 591.0][459.0, 411.0, 549.0, 501.0][549.0, 321.0, 639.0, 411.0][Combi déjà faite[1.1961702564101415
[459.0, 591.0, 549.0, 681.0][369.0, 501.0, 459.0, 591.0][459.0, 411.0, 549.0, 501.0][549.0, 501.0, 639.0, 591.0][Combi déjà faite[1.033628717948659
[459.0, 591.0, 549.0, 681.0][549.0, 501.0, 639.0, 591.0][639.0, 411.0, 729.0, 501.0][549.0, 321.0, 639.0, 411.0][Combi déjà faite[1.605637333333334
[549.0, 321.0, 639.0, 411.0][459.0, 411.0, 549.0, 501.0][369.0, 501.0, 459.0, 591.0][459.0, 591.0, 549.0, 681.0][Combi déjà faite[1.128137846153777
[639.0, 591.0, 729.0, 681.0][549.0, 501.0, 639.0, 591.0][459.0, 411.0, 549.0, 501.0][549.0, 321.0, 639.0, 411.0][Combi déjà faite[1.1024004102564504
[459.0, 591.0, 549.0, 681.0][549.0, 501.0, 639.0, 591.0][639.0, 411.0, 729.0, 501.0][819.0, 411.0, 909.0, 501.0][Combi déjà faite[2.2219577435896554
[999.0, 591.0, 1089.0, 681.0][909.0, 501.0, 999.0, 591.0][819.0, 411.0, 909.0, 501.0][639.0, 411.0, 729.0, 501.0][Nouvelle combi[1.6019450256410437
[549.0, 321.0, 639.0, 411.0][639.0, 411.0, 729.0, 501.0][549.0, 501.0, 639.0, 591.0][639.0, 591.0, 729.0, 681.0][Combi déjà faite[1.294572307692306
[549.0, 321.0, 639.0, 411.0][459.0, 411.0, 549.0, 501.0][369.0, 501.0, 459.0, 591.0][459.0, 591.0, 549.0, 681.0][Combi déjà faite[2.1584652307692522
[459.0, 591.0, 549.0, 681.0][369.0, 501.0, 459.0, 591.0][459.0, 411.0, 549.0, 501.0][549.0, 321.0, 639.0, 411.0][Combi déjà faite[0.9286711794873099
[639.0, 591.0, 729.0, 681.0][549.0, 501.0, 639.0, 591.0][459.0, 411.0, 549.0, 501.0][549.0, 321.0, 639.0, 411.0][Combi déjà faite[1.3645050256409377
[639.0, 411.0, 729.0, 501.0][549.0, 321.0, 639.0, 411.0][459.0, 411.0, 549.0, 501.0][369.0, 501.0, 459.0, 591.0][Combi déjà faite[1.009924923077051
[459.0, 591.0, 549.0, 681.0][369.0, 501.0, 459.0, 591.0][459.0, 411.0, 549.0, 501.0][549.0, 501.0, 639.0, 591.0][Combi déjà faite[1.0649427692308109
[549.0, 501.0, 639.0, 591.0][459.0, 411.0, 549.0, 501.0][549.0, 321.0, 639.0, 411.0][639.0, 411.0, 729.0, 501.0][Combi déjà faite[1.2276824615385067
[549.0, 321.0, 639.0, 411.0][459.0, 411.0, 549.0, 501.0][549.0, 501.0, 639.0, 591.0][639.0, 591.0, 729.0, 681.0][Combi déjà faite[1.3620918974359029
[639.0, 411.0, 729.0, 501.0][549.0, 501.0, 639.0, 591.0][459.0, 591.0, 549.0, 681.0][369.0, 501.0, 459.0, 591.0][Combi déjà faite[1.272506256410452
[459.0, 591.0, 549.0, 681.0][369.0, 501.0, 459.0, 591.0][459.0, 411.0, 549.0, 501.0][549.0, 321.0, 639.0, 411.0][Combi déjà faite[1.1311351794870461
[549.0, 321.0, 639.0, 411.0][459.0, 411.0, 549.0, 501.0][369.0, 501.0, 459.0, 591.0][459.0, 591.0, 549.0, 681.0][Combi déjà faite[1.1531413333334513
[639.0, 591.0, 729.0, 681.0][549.0, 501.0, 639.0, 591.0][459.0, 411.0, 549.0, 501.0][549.0, 321.0, 639.0, 411.0][Combi déjà faite[1.2456414358973689
[639.0, 411.0, 729.0, 501.0][549.0, 321.0, 639.0, 411.0][459.0, 411.0, 549.0, 501.0][369.0, 501.0, 459.0, 591.0][Combi déjà faite[1.177182358974278
[639.0, 591.0, 729.0, 681.0][549.0, 501.0, 639.0, 591.0][459.0, 411.0, 549.0, 501.0][369.0, 501.0, 459.0, 591.0][Combi déjà faite[1.2187031794871928
[459.0, 591.0, 549.0, 681.0][549.0, 501.0, 639.0, 591.0][639.0, 411.0, 729.0, 501.0][549.0, 321.0, 639.0, 411.0][Combi déjà faite[1.5744746666666742
[369.0, 501.0, 459.0, 591.0][459.0, 411.0, 549.0, 501.0][549.0, 501.0, 639.0, 591.0][639.0, 591.0, 729.0, 681.0][Combi déjà faite[1.4357714871794087
[459.0, 591.0, 549.0, 681.0][549.0, 501.0, 639.0, 591.0][639.0, 411.0, 729.0, 501.0][549.0, 321.0, 639.0, 411.0][Combi déjà faite[1.2182084102564659
[549.0, 321.0, 639.0, 411.0][459.0, 411.0, 549.0, 501.0][369.0, 501.0, 459.0, 591.0][459.0, 591.0, 549.0, 681.0][Combi déjà faite[1.449819897435873
[459.0, 411.0, 549.0, 501.0][549.0, 501.0, 639.0, 591.0][639.0, 411.0, 729.0, 501.0][549.0, 321.0, 639.0, 411.0][Combi déjà faite[1.0396681025640646
[369.0, 501.0, 459.0, 591.0][459.0, 411.0, 549.0, 501.0][549.0, 501.0, 639.0, 591.0][459.0, 591.0, 549.0, 681.0][Combi déjà faite[1.2199253333333218
[549.0, 321.0, 639.0, 411.0][459.0, 411.0, 549.0, 501.0][549.0, 501.0, 639.0, 591.0][459.0, 591.0, 549.0, 681.0][Nouvelle combi[1.6856968205129306
[459.0, 591.0, 549.0, 681.0][549.0, 501.0, 639.0, 591.0][639.0, 411.0, 729.0, 501.0][549.0, 321.0, 639.0, 411.0][Combi déjà faite[1.5195384615383318
[639.0, 591.0, 729.0, 681.0][549.0, 501.0, 639.0, 591.0][639.0, 411.0, 729.0, 501.0][549.0, 321.0, 639.0, 411.0][Combi déjà faite[1.590416820512928
[549.0, 321.0, 639.0, 411.0][639.0, 411.0, 729.0, 501.0][549.0, 501.0, 639.0, 591.0][639.0, 591.0, 729.0, 681.0][Combi déjà faite[1.2482002051281142
[459.0, 411.0, 549.0, 501.0][549.0, 501.0, 639.0, 591.0][459.0, 591.0, 549.0, 681.0][369.0, 501.0, 459.0, 591.0][Combi déjà faite[2.0113739487180737
[369.0, 501.0, 459.0, 591.0][459.0, 591.0, 549.0, 681.0][549.0, 501.0, 639.0, 591.0][639.0, 411.0, 729.0, 501.0][Combi déjà faite[0.9901632820512987
[549.0, 321.0, 639.0, 411.0][459.0, 411.0, 549.0, 501.0][369.0, 501.0, 459.0, 591.0][459.0, 591.0, 549.0, 681.0][Combi déjà faite[1.1957234871795208
[549.0, 501.0, 639.0, 591.0][459.0, 411.0, 549.0, 501.0][549.0, 321.0, 639.0, 411.0][639.0, 411.0, 729.0, 501.0][Combi déjà faite[1.076125948717845
[639.0, 591.0, 729.0, 681.0][549.0, 501.0, 639.0, 591.0][459.0, 411.0, 549.0, 501.0][549.0, 321.0, 639.0, 411.0][Combi déjà faite[1.159622564102392
[639.0, 411.0, 729.0, 501.0][549.0, 501.0, 639.0, 591.0][459.0, 591.0, 549.0, 681.0][369.0, 501.0, 459.0, 591.0][Combi déjà faite[1.1891249230768608
[459.0, 411.0, 549.0, 501.0][549.0, 501.0, 639.0, 591.0][639.0, 591.0, 729.0, 681.0][459.0, 591.0, 549.0, 681.0][Nouvelle combi[1.3696237948718135
[459.0, 591.0, 549.0, 681.0][549.0, 501.0, 639.0, 591.0][639.0, 411.0, 729.0, 501.0][815, 459[A cote
[819.0, 411.0, 909.0, 501.0][639.0, 411.0, 729.0, 501.0][549.0, 501.0, 639.0, 591.0][459.0, 591.0, 549.0, 681.0][Combi déjà faite[2.260538666666662
[549.0, 321.0, 639.0, 411.0][459.0, 411.0, 549.0, 501.0][369.0, 501.0, 459.0, 591.0][459.0, 591.0, 549.0, 681.0][Combi déjà faite[1.33264820512818
[639.0, 591.0, 729.0, 681.0][549.0, 501.0, 639.0, 591.0][459.0, 411.0, 549.0, 501.0][549.0, 321.0, 639.0, 411.0][Combi déjà faite[1.3598531282050317
[369.0, 501.0, 459.0, 591.0][459.0, 591.0, 549.0, 681.0][549.0, 501.0, 639.0, 591.0][639.0, 411.0, 729.0, 501.0][Combi déjà faite[2.0354088205128846
[369.0, 501.0, 459.0, 591.0][459.0, 411.0, 549.0, 501.0][549.0, 321.0, 639.0, 411.0][639.0, 411.0, 729.0, 501.0][Combi déjà faite[1.238130461538276
[459.0, 591.0, 549.0, 681.0][369.0, 501.0, 459.0, 591.0][459.0, 411.0, 549.0, 501.0][549.0, 501.0, 639.0, 591.0][Combi déjà faite[1.4397575384614356
[639.0, 591.0, 729.0, 681.0][549.0, 501.0, 639.0, 591.0][459.0, 411.0, 549.0, 501.0][549.0, 321.0, 639.0, 411.0][Combi déjà faite[1.3346568205126914
[549.0, 321.0, 639.0, 411.0][639.0, 411.0, 729.0, 501.0][549.0, 501.0, 639.0, 591.0][459.0, 591.0, 549.0, 681.0][Combi déjà faite[1.509475282051426
[369.0, 501.0, 459.0, 591.0][459.0, 411.0, 549.0, 501.0][549.0, 321.0, 639.0, 411.0][639.0, 411.0, 729.0, 501.0][Combi déjà faite[1.4694756923076966
[459.0, 591.0, 549.0, 681.0][369.0, 501.0, 459.0, 591.0][459.0, 411.0, 549.0, 501.0][549.0, 501.0, 639.0, 591.0][Combi déjà faite[1.9214654358975167
[369.0, 501.0, 459.0, 591.0][459.0, 411.0, 549.0, 501.0][549.0, 321.0, 639.0, 411.0][639.0, 411.0, 729.0, 501.0][Combi déjà faite[1.5661899487179198
[639.0, 411.0, 729.0, 501.0][549.0, 501.0, 639.0, 591.0][459.0, 591.0, 549.0, 681.0][369.0, 501.0, 459.0, 591.0][Combi déjà faite[1.8747926153846493
[369.0, 501.0, 459.0, 591.0][459.0, 411.0, 549.0, 501.0][549.0, 321.0, 639.0, 411.0][639.0, 411.0, 729.0, 501.0][Combi déjà faite[2.000230564102594
[459.0, 591.0, 549.0, 681.0][549.0, 501.0, 639.0, 591.0][639.0, 411.0, 729.0, 501.0][549.0, 321.0, 639.0, 411.0][Combi déjà faite[1.2283917948718681
[369.0, 501.0, 459.0, 591.0][459.0, 411.0, 549.0, 501.0][549.0, 501.0, 639.0, 591.0][639.0, 591.0, 729.0, 681.0][Combi déjà faite[1.2335269743589379
[639.0, 591.0, 729.0, 681.0][549.0, 501.0, 639.0, 591.0][459.0, 411.0, 549.0, 501.0][549.0, 321.0, 639.0, 411.0][Combi déjà faite[1.2842834871794366
[639.0, 411.0, 729.0, 501.0][549.0, 501.0, 639.0, 591.0][459.0, 591.0, 549.0, 681.0][369.0, 501.0, 459.0, 591.0][Combi déjà faite[1.3519380512821044
[459.0, 411.0, 549.0, 501.0][549.0, 501.0, 639.0, 591.0][639.0, 411.0, 729.0, 501.0][549.0, 321.0, 639.0, 411.0][Combi déjà faite[1.8009493333331648
[549.0, 321.0, 639.0, 411.0][639.0, 411.0, 729.0, 501.0][549.0, 501.0, 639.0, 591.0][459.0, 591.0, 549.0, 681.0][Combi déjà faite[1.4794194871794843
[549.0, 321.0, 639.0, 411.0][639.0, 411.0, 729.0, 501.0][549.0, 501.0, 639.0, 591.0][639.0, 591.0, 729.0, 681.0][Combi déjà faite[1.5098055384614781
[549.0, 321.0, 639.0, 411.0][459.0, 411.0, 549.0, 501.0][549.0, 501.0, 639.0, 591.0][459.0, 591.0, 549.0, 681.0][Combi déjà faite[1.8294137435896118
[369.0, 501.0, 459.0, 591.0][459.0, 411.0, 549.0, 501.0][549.0, 501.0, 639.0, 591.0][639.0, 591.0, 729.0, 681.0][Combi déjà faite[1.420678153846211
[549.0, 321.0, 639.0, 411.0][459.0, 411.0, 549.0, 501.0][549.0, 501.0, 639.0, 591.0][639.0, 591.0, 729.0, 681.0][Combi déjà faite[1.1674867692306634
[639.0, 411.0, 729.0, 501.0][549.0, 501.0, 639.0, 591.0][459.0, 591.0, 549.0, 681.0][369.0, 501.0, 459.0, 591.0][Combi déjà faite[1.2393173333334744
[369.0, 501.0, 459.0, 591.0][459.0, 411.0, 549.0, 501.0][549.0, 321.0, 639.0, 411.0][639.0, 411.0, 729.0, 501.0][Combi déjà faite[1.4320155897437417
[369.0, 501.0, 459.0, 591.0][459.0, 591.0, 549.0, 681.0][549.0, 501.0, 639.0, 591.0][639.0, 411.0, 729.0, 501.0][Combi déjà faite[1.488839384615403
[549.0, 321.0, 639.0, 411.0][639.0, 411.0, 729.0, 501.0][549.0, 501.0, 639.0, 591.0][459.0, 591.0, 549.0, 681.0][Combi déjà faite[1.2242974358973697
[369.0, 501.0, 459.0, 591.0][459.0, 411.0, 549.0, 501.0][549.0, 321.0, 639.0, 411.0][639.0, 411.0, 729.0, 501.0][Combi déjà faite[1.4812664615383255
[639.0, 591.0, 729.0, 681.0][549.0, 501.0, 639.0, 591.0][639.0, 411.0, 729.0, 501.0][549.0, 321.0, 639.0, 411.0][Combi déjà faite[1.2208356923076735
[459.0, 411.0, 549.0, 501.0][549.0, 501.0, 639.0, 591.0][459.0, 591.0, 549.0, 681.0][369.0, 501.0, 459.0, 591.0][Combi déjà faite[1.526717128205064
[549.0, 321.0, 639.0, 411.0][639.0, 411.0, 729.0, 501.0][549.0, 501.0, 639.0, 591.0][459.0, 411.0, 549.0, 501.0][Combi déjà faite[1.1683265641024718
[459.0, 411.0, 549.0, 501.0][549.0, 501.0, 639.0, 591.0][639.0, 411.0, 729.0, 501.0][549.0, 321.0, 639.0, 411.0][Combi déjà faite[1.363429743589677
[459.0, 411.0, 549.0, 501.0][549.0, 501.0, 639.0, 591.0][459.0, 591.0, 549.0, 681.0][369.0, 501.0, 459.0, 591.0][Combi déjà faite[1.8820537435897222
[459.0, 411.0, 549.0, 501.0][549.0, 321.0, 639.0, 411.0][639.0, 411.0, 729.0, 501.0][549.0, 501.0, 639.0, 591.0][Combi déjà faite[1.7524397948718615
[369.0, 501.0, 459.0, 591.0][459.0, 411.0, 549.0, 501.0][549.0, 501.0, 639.0, 591.0][459.0, 591.0, 549.0, 681.0][Combi déjà faite[1.5893124102565253
[369.0, 501.0, 459.0, 591.0][459.0, 411.0, 549.0, 501.0][549.0, 321.0, 639.0, 411.0][639.0, 411.0, 729.0, 501.0][Combi déjà faite[1.0508287179486615
[459.0, 591.0, 549.0, 681.0][549.0, 501.0, 639.0, 591.0][639.0, 411.0, 729.0, 501.0][549.0, 321.0, 639.0, 411.0][Combi déjà faite[1.2115552820514495
[639.0, 411.0, 729.0, 501.0]
30 sec
[549.0, 501.0, 639.0, 591.0][459.0, 591.0, 549.0, 681.0][369.0, 501.0, 459.0, 591.0][Combi déjà faite[1.4523675897437442
[369.0, 501.0, 459.0, 591.0][459.0, 411.0, 549.0, 501.0][549.0, 321.0, 639.0, 411.0][639.0, 411.0, 729.0, 501.0][Combi déjà faite[1.1179540512821404
[459.0, 591.0, 549.0, 681.0][549.0, 501.0, 639.0, 591.0][639.0, 411.0, 729.0, 501.0][549.0, 321.0, 639.0, 411.0][Combi déjà faite[1.3653821538462125
[369.0, 501.0, 459.0, 591.0][459.0, 411.0, 549.0, 501.0][549.0, 321.0, 639.0, 411.0][639.0, 411.0, 729.0, 501.0][Combi déjà faite[1.166699487179585
[459.0, 591.0, 549.0, 681.0][369.0, 501.0, 459.0, 591.0][459.0, 411.0, 549.0, 501.0][549.0, 321.0, 639.0, 411.0][Combi déjà faite[1.8042847179485761
[639.0, 411.0, 729.0, 501.0][549.0, 501.0, 639.0, 591.0][459.0, 591.0, 549.0, 681.0][369.0, 501.0, 459.0, 591.0][Combi déjà faite[1.9511470769230073
[549.0, 321.0, 639.0, 411.0][639.0, 411.0, 729.0, 501.0][549.0, 501.0, 639.0, 591.0][639.0, 591.0, 729.0, 681.0][Combi déjà faite[2.4761645128203327
[639.0, 411.0, 729.0, 501.0][549.0, 501.0, 639.0, 591.0][459.0, 591.0, 549.0, 681.0][369.0, 501.0, 459.0, 591.0][Combi déjà faite[1.5194662564103965
[459.0, 411.0, 549.0, 501.0][549.0, 501.0, 639.0, 591.0][459.0, 591.0, 549.0, 681.0][369.0, 501.0, 459.0, 591.0][Combi déjà faite[1.8874711794871928
[549.0, 321.0, 639.0, 411.0][459.0, 411.0, 549.0, 501.0][549.0, 501.0, 639.0, 591.0][459.0, 591.0, 549.0, 681.0][Combi déjà faite[1.3539409230768342
[369.0, 501.0, 459.0, 591.0][459.0, 411.0, 549.0, 501.0][549.0, 501.0, 639.0, 591.0][639.0, 591.0, 729.0, 681.0][Combi déjà faite[1.4408295384614576
[639.0, 411.0, 729.0, 501.0][549.0, 501.0, 639.0, 591.0][459.0, 591.0, 549.0, 681.0][369.0, 501.0, 459.0, 591.0][Combi déjà faite[1.2064159999999902
[369.0, 501.0, 459.0, 591.0][459.0, 411.0, 549.0, 501.0][549.0, 321.0, 639.0, 411.0][639.0, 411.0, 729.0, 501.0][Combi déjà faite[1.1374851282050713
[459.0, 591.0, 549.0, 681.0][549.0, 501.0, 639.0, 591.0][639.0, 411.0, 729.0, 501.0][549.0, 321.0, 639.0, 411.0][Combi déjà faite[1.8249308717950044
[459.0, 411.0, 549.0, 501.0][549.0, 501.0, 639.0, 591.0][459.0, 591.0, 549.0, 681.0][369.0, 501.0, 459.0, 591.0][Combi déjà faite[1.5432274871795926
[369.0, 501.0, 459.0, 591.0][459.0, 411.0, 549.0, 501.0][549.0, 321.0, 639.0, 411.0][639.0, 411.0, 729.0, 501.0][Combi déjà faite[1.0721234871796241
[639.0, 411.0, 729.0, 501.0][549.0, 321.0, 639.0, 411.0][459.0, 411.0, 549.0, 501.0][369.0, 501.0, 459.0, 591.0][Combi déjà faite[0.9710276923076435
[549.0, 501.0, 639.0, 591.0][459.0, 591.0, 549.0, 681.0][369.0, 501.0, 459.0, 591.0][459.0, 411.0, 549.0, 501.0][Combi déjà faite[1.3257727179486665
[639.0, 411.0, 729.0, 501.0][549.0, 501.0, 639.0, 591.0][459.0, 591.0, 549.0, 681.0][369.0, 501.0, 459.0, 591.0][Combi déjà faite[1.2068082051282545


Bonnes réponses=[ 14.00
Erreurs couleur:[ 0.00
Erreurs répétition:[ 100.00
Erreurs même cercle:[ 0.00
Erreurs à côté:[ 1.00
Erreurs totales:[101
Nombre de réponses:[115
Taux de réussite=[ 12.17
RTmoy reussi sec=[ 1.474
RTmoy deja fait sec=[ 1.426
RTmoy tot sec=[ 1.432
RTmax sec=[ 2.554
RTmin sec=[ 0.977

