
TACHE SPATIALE DIFFICILE FAIBLE GAIN

Coord distracteur bleu 1 [279.0, 591.0, 369.0, 681.0]
Coord distracteur bleu 2 [999.0, 591.0, 1089.0, 681.0]
Coord distracteur bleu 3 [729.0, 321.0, 819.0, 411.0]
Coord distracteur rouge 1 [549.0, 501.0, 639.0, 591.0]
Coord distracteur rouge 2 [369.0, 501.0, 459.0, 591.0]

[Coord Cercle 1[Coord Cercle 2[Coord Cercle 3[Coord Cercle 4[Combi[RT
[909.0, 501.0, 999.0, 591.0][819.0, 411.0, 909.0, 501.0][639.0, 231.0, 729.0, 321.0][819.0, 591.0, 909.0, 681.0][Nouvelle combi[4.9190440361387004
[819.0, 591.0, 909.0, 681.0][909.0, 501.0, 999.0, 591.0][819.0, 411.0, 909.0, 501.0][729.0, 501.0, 819.0, 591.0][Nouvelle combi[3.501146257350797
[819.0, 591.0, 909.0, 681.0][729.0, 501.0, 819.0, 591.0][819.0, 411.0, 909.0, 501.0][909.0, 501.0, 999.0, 591.0][Combi déjà faite[3.39710145403194
[819.0, 591.0, 909.0, 681.0][729.0, 501.0, 819.0, 591.0][639.0, 411.0, 729.0, 501.0][549.0, 321.0, 639.0, 411.0][Nouvelle combi[2.589214842432682
[819.0, 591.0, 909.0, 681.0][729.0, 501.0, 819.0, 591.0][639.0, 411.0, 729.0, 501.0][549.0, 321.0, 639.0, 411.0][Combi déjà faite[3.5830679655942106
[819.0, 591.0, 909.0, 681.0][729.0, 501.0, 819.0, 591.0][819.0, 411.0, 909.0, 501.0][909.0, 501.0, 999.0, 591.0][Combi déjà faite[3.811706512169451
[819.0, 591.0, 909.0, 681.0][909.0, 501.0, 999.0, 591.0][819.0, 411.0, 909.0, 501.0][729.0, 501.0, 819.0, 591.0][Combi déjà faite[3.0275356123369193
[639.0, 411.0, 729.0, 501.0][639.0, 231.0, 729.0, 321.0][549.0, 321.0, 639.0, 411.0][729.0, 501.0, 819.0, 591.0][Nouvelle combi[3.3572240879787216
[909.0, 501.0, 999.0, 591.0][819.0, 411.0, 909.0, 501.0][729.0, 501.0, 819.0, 591.0][819.0, 591.0, 909.0, 681.0][Combi déjà faite[5.354750239795067
[639.0, 231.0, 729.0, 321.0][549.0, 321.0, 639.0, 411.0][639.0, 411.0, 729.0, 501.0][729.0, 501.0, 819.0, 591.0][Combi déjà faite[4.434649382276405
[819.0, 411.0, 909.0, 501.0][729.0, 501.0, 819.0, 591.0][819.0, 591.0, 909.0, 681.0][909.0, 501.0, 999.0, 591.0][Combi déjà faite[2.994555892968947
[909.0, 501.0, 999.0, 591.0][819.0, 591.0, 909.0, 681.0][729.0, 501.0, 819.0, 591.0][819.0, 411.0, 909.0, 501.0][Combi déjà faite[3.2922849577722673
[909.0, 501.0, 999.0, 591.0][819.0, 411.0, 909.0, 501.0][639.0, 231.0, 729.0, 321.0][549.0, 321.0, 639.0, 411.0][Nouvelle combi[6.308712048173959
[819.0, 591.0, 909.0, 681.0][729.0, 501.0, 819.0, 591.0][819.0, 411.0, 909.0, 501.0][909.0, 501.0, 999.0, 591.0][Combi déjà faite[6.004369234354215
[819.0, 591.0, 909.0, 681.0][729.0, 501.0, 819.0, 591.0][639.0, 411.0, 729.0, 501.0][549.0, 321.0, 639.0, 411.0][Combi déjà faite[3.104708188478469
[819.0, 591.0, 909.0, 681.0][729.0, 501.0, 819.0, 591.0][639.0, 411.0, 729.0, 501.0][549.0, 321.0, 639.0, 411.0][Combi déjà faite[3.5234851474750144
[819.0, 591.0, 909.0, 681.0][729.0, 501.0, 819.0, 591.0][819.0, 411.0, 909.0, 501.0][909.0, 501.0, 999.0, 591.0][Combi déjà faite[3.080375040307672
[909.0, 501.0, 999.0, 591.0][819.0, 591.0, 909.0, 681.0][729.0, 501.0, 819.0, 591.0][819.0, 411.0, 909.0, 501.0][Combi déjà faite[4.879030054588782
[909.0, 501.0, 999.0, 591.0][819.0, 411.0, 909.0, 501.0][639.0, 231.0, 729.0, 321.0][549.0, 321.0, 639.0, 411.0][Combi déjà faite[3.8664195827032586
[909.0, 501.0, 999.0, 591.0][819.0, 411.0, 909.0, 501.0][639.0, 231.0, 729.0, 321.0][549.0, 321.0, 639.0, 411.0][Combi déjà faite[3.401861663065972
[639.0, 411.0, 729.0, 501.0][909.0, 501.0, 999.0, 591.0][819.0, 411.0, 909.0, 501.0][639.0, 231.0, 729.0, 321.0][Nouvelle combi[7.683342099152469
[639.0, 411.0, 729.0, 501.0][909.0, 501.0, 999.0, 591.0][819.0, 411.0, 909.0, 501.0][639.0, 231.0, 729.0, 321.0][Combi déjà faite[3.4393090784074047
[639.0, 411.0, 729.0, 501.0][819.0, 591.0, 909.0, 681.0][729.0, 501.0, 819.0, 591.0][639.0, 411.0, 729.0, 501.0][Meme cercle
[639.0, 231.0, 729.0, 321.0][819.0, 591.0, 909.0, 681.0][729.0, 501.0, 819.0, 591.0][639.0, 411.0, 729.0, 501.0][Nouvelle combi[4.0412053671428225
[639.0, 231.0, 729.0, 321.0][909.0, 501.0, 999.0, 591.0][819.0, 591.0, 909.0, 681.0][729.0, 501.0, 819.0, 591.0][Nouvelle combi[7.004555901174115
[819.0, 411.0, 909.0, 501.0][909.0, 501.0, 999.0, 591.0][819.0, 591.0, 909.0, 681.0][729.0, 501.0, 819.0, 591.0][Combi déjà faite[8.064068155132873
[819.0, 411.0, 909.0, 501.0][909.0, 501.0, 999.0, 591.0][909.0, 501.0, 999.0, 591.0][[Meme cercle
[819.0, 411.0, 909.0, 501.0][639.0, 231.0, 729.0, 321.0][639.0, 411.0, 729.0, 501.0][819.0, 591.0, 909.0, 681.0][Nouvelle combi[4.049805169070908
[729.0, 501.0, 819.0, 591.0][639.0, 411.0, 729.0, 501.0][549.0, 321.0, 639.0, 411.0][639.0, 591.0, 729.0, 681.0][Nouvelle combi[3.762064215027067
[459.0, 411.0, 549.0, 501.0][459.0, 591.0, 549.0, 681.0][639.0, 411.0, 729.0, 501.0][459.0, 411.0, 549.0, 501.0][Meme cercle
[639.0, 591.0, 729.0, 681.0][729.0, 501.0, 819.0, 591.0][639.0, 411.0, 729.0, 501.0][549.0, 321.0, 639.0, 411.0][Combi déjà faite[6.237213733098429
[819.0, 591.0, 909.0, 681.0][729.0, 501.0, 819.0, 591.0][639.0, 411.0, 729.0, 501.0][549.0, 321.0, 639.0, 411.0][Combi déjà faite[4.671986602655693

30 sec
[459.0, 411.0, 549.0, 501.0][459.0, 591.0, 549.0, 681.0][639.0, 411.0, 729.0, 501.0][549.0, 321.0, 639.0, 411.0][Nouvelle combi[5.244898252224175
[459.0, 411.0, 549.0, 501.0][459.0, 591.0, 549.0, 681.0][639.0, 411.0, 729.0, 501.0][549.0, 321.0, 639.0, 411.0][Combi déjà faite[4.669259215802413
[549.0, 321.0, 639.0, 411.0][639.0, 411.0, 729.0, 501.0][729.0, 501.0, 819.0, 591.0][819.0, 591.0, 909.0, 681.0][Combi déjà faite[4.311916563623811
[909.0, 501.0, 999.0, 591.0][819.0, 411.0, 909.0, 501.0][729.0, 501.0, 819.0, 591.0][819.0, 591.0, 909.0, 681.0][Combi déjà faite[3.036167824547931
[909.0, 501.0, 999.0, 591.0][819.0, 591.0, 909.0, 681.0][729.0, 501.0, 819.0, 591.0][819.0, 411.0, 909.0, 501.0][Combi déjà faite[3.002367591686209
[639.0, 231.0, 729.0, 321.0][639.0, 411.0, 729.0, 501.0][729.0, 501.0, 819.0, 591.0][819.0, 411.0, 909.0, 501.0][Nouvelle combi[5.606659779823417
[909.0, 501.0, 999.0, 591.0][819.0, 591.0, 909.0, 681.0]

Bonnes réponses=[ 12.00
Erreurs couleur:[ 0.00
Erreurs répétition:[ 23.00
Erreurs même cercle:[ 3.00
Erreurs à côté:[ 0.00
Erreurs totales:[26
Nombre de réponses:[38
Taux de réussite=[ 31.58
RTmoy reussi sec=[ 4.839
RTmoy deja fait sec=[ 4.139
RTmoy tot sec=[ 4.379
RTmax sec=[ 7.683
RTmin sec=[ 2.589

