
TACHE SPATIALE DIFFICILE FORT GAIN

Coord distracteur bleu 1 [819.0, 411.0, 909.0, 501.0]
Coord distracteur bleu 2 [459.0, 591.0, 549.0, 681.0]
Coord distracteur bleu 3 [819.0, 591.0, 909.0, 681.0]
Coord distracteur rouge 1 [459.0, 411.0, 549.0, 501.0]
Coord distracteur rouge 2 [729.0, 321.0, 819.0, 411.0]

[Coord Cercle 1[Coord Cercle 2[Coord Cercle 3[Coord Cercle 4[Combi[RT
[909.0, 501.0, 999.0, 591.0][999.0, 591.0, 1089.0, 681.0][729.0, 501.0, 819.0, 591.0][639.0, 411.0, 729.0, 501.0][Nouvelle combi[13.76414626801745
[639.0, 231.0, 729.0, 321.0][549.0, 321.0, 639.0, 411.0][639.0, 411.0, 729.0, 501.0][729.0, 501.0, 819.0, 591.0][Nouvelle combi[2.3008224006747913
[909.0, 501.0, 999.0, 591.0][999.0, 591.0, 1089.0, 681.0][729.0, 501.0, 819.0, 591.0][639.0, 411.0, 729.0, 501.0][Combi déjà faite[2.6379693439748486
[639.0, 231.0, 729.0, 321.0][549.0, 321.0, 639.0, 411.0][639.0, 411.0, 729.0, 501.0][729.0, 501.0, 819.0, 591.0][Combi déjà faite[2.8700725087774437
[999.0, 591.0, 1089.0, 681.0][909.0, 501.0, 999.0, 591.0][729.0, 501.0, 819.0, 591.0][639.0, 591.0, 729.0, 681.0][Nouvelle combi[2.0850084800069553
[999.0, 591.0, 1089.0, 681.0][909.0, 501.0, 999.0, 591.0][729.0, 501.0, 819.0, 591.0][639.0, 591.0, 729.0, 681.0][Combi déjà faite[3.136569958211247
[639.0, 591.0, 729.0, 681.0][549.0, 501.0, 639.0, 591.0][639.0, 411.0, 729.0, 501.0][729.0, 501.0, 819.0, 591.0][Nouvelle combi[2.514031190999951
[549.0, 501.0, 639.0, 591.0][639.0, 591.0, 729.0, 681.0][729.0, 501.0, 819.0, 591.0][639.0, 411.0, 729.0, 501.0][Combi déjà faite[3.4466079561911407
[729.0, 501.0, 819.0, 591.0][639.0, 411.0, 729.0, 501.0][549.0, 321.0, 639.0, 411.0][639.0, 231.0, 729.0, 321.0][Combi déjà faite[2.5065698515444907
[909.0, 501.0, 999.0, 591.0][999.0, 591.0, 1089.0, 681.0][729.0, 501.0, 819.0, 591.0][639.0, 411.0, 729.0, 501.0][Combi déjà faite[3.9794990601017943
[549.0, 321.0, 639.0, 411.0][639.0, 231.0, 729.0, 321.0][909.0, 501.0, 999.0, 591.0][999.0, 591.0, 1089.0, 681.0][Nouvelle combi[6.805766814988154
[729.0, 501.0, 819.0, 591.0][639.0, 411.0, 729.0, 501.0][549.0, 321.0, 639.0, 411.0][639.0, 231.0, 729.0, 321.0][Combi déjà faite[24.305704455962633
[909.0, 501.0, 999.0, 591.0][999.0, 591.0, 1089.0, 681.0][729.0, 501.0, 819.0, 591.0][639.0, 411.0, 729.0, 501.0][Combi déjà faite[3.2453019448631295
[549.0, 321.0, 639.0, 411.0][639.0, 231.0, 729.0, 321.0][639.0, 231.0, 729.0, 321.0][[Meme cercle
[549.0, 321.0, 639.0, 411.0][639.0, 411.0, 729.0, 501.0][729.0, 501.0, 819.0, 591.0][909.0, 501.0, 999.0, 591.0][Nouvelle combi[3.129358465114649
[999.0, 591.0, 1089.0, 681.0][729.0, 501.0, 819.0, 591.0][639.0, 411.0, 729.0, 501.0][549.0, 321.0, 639.0, 411.0][Nouvelle combi[3.6191221490232977
[639.0, 231.0, 729.0, 321.0][729.0, 501.0, 819.0, 591.0][639.0, 411.0, 729.0, 501.0][549.0, 321.0, 639.0, 411.0][Combi déjà faite[3.6261929240557293
[639.0, 231.0, 729.0, 321.0][729.0, 501.0, 819.0, 591.0][639.0, 411.0, 729.0, 501.0][549.0, 501.0, 639.0, 591.0][Nouvelle combi[2.297944859852194
[639.0, 591.0, 729.0, 681.0][729.0, 501.0, 819.0, 591.0][639.0, 591.0, 729.0, 681.0][[Meme cercle
[549.0, 501.0, 639.0, 591.0][639.0, 411.0, 729.0, 501.0][729.0, 501.0, 819.0, 591.0][639.0, 591.0, 729.0, 681.0][Combi déjà faite[2.903336946327741
[639.0, 591.0, 729.0, 681.0][549.0, 501.0, 639.0, 591.0][639.0, 411.0, 729.0, 501.0][729.0, 501.0, 819.0, 591.0][Combi déjà faite[4.011001444924261
[729.0, 501.0, 819.0, 591.0][639.0, 411.0, 729.0, 501.0][549.0, 321.0, 639.0, 411.0][639.0, 231.0, 729.0, 321.0][Combi déjà faite[3.1276948740060533
[549.0, 501.0, 639.0, 591.0][909.0, 501.0, 999.0, 591.0][999.0, 591.0, 1089.0, 681.0][729.0, 501.0, 819.0, 591.0][Nouvelle combi[4.500213743765116
[639.0, 411.0, 729.0, 501.0][999.0, 591.0, 1089.0, 681.0][909.0, 501.0, 999.0, 591.0][729.0, 501.0, 819.0, 591.0][Combi déjà faite[3.302666094495251
[639.0, 411.0, 729.0, 501.0][549.0, 321.0, 639.0, 411.0][639.0, 231.0, 729.0, 321.0][549.0, 321.0, 639.0, 411.0][Meme cercle
[639.0, 411.0, 729.0, 501.0][729.0, 501.0, 819.0, 591.0][729.0, 501.0, 819.0, 591.0][[Meme cercle
[639.0, 411.0, 729.0, 501.0][549.0, 321.0, 639.0, 411.0][639.0, 231.0, 729.0, 321.0][999.0, 591.0, 1089.0, 681.0][Nouvelle combi[3.421836243557948
[909.0, 501.0, 999.0, 591.0][93, 845[[[A cote
[89, 869[[[[A cote
[999.0, 591.0, 1089.0, 681.0][909.0, 501.0, 999.0, 591.0][729.0, 501.0, 819.0, 591.0][639.0, 411.0, 729.0, 501.0][Combi déjà faite[7.7122857126447
[549.0, 321.0, 639.0, 411.0][639.0, 231.0, 729.0, 321.0][639.0, 411.0, 729.0, 501.0][729.0, 501.0, 819.0, 591.0][Combi déjà faite[4.826842114331981
[729.0, 501.0, 819.0, 591.0][639.0, 591.0, 729.0, 681.0][549.0, 501.0, 639.0, 591.0][639.0, 411.0, 729.0, 501.0][Combi déjà faite[2.616776711201396
[729.0, 501.0, 819.0, 591.0][639.0, 591.0, 729.0, 681.0][549.0, 501.0, 639.0, 591.0][639.0, 411.0, 729.0, 501.0][Combi déjà faite[2.5270670991319832
[729.0, 501.0, 819.0, 591.0]
30 sec
[639.0, 591.0, 729.0, 681.0][549.0, 501.0, 639.0, 591.0][639.0, 411.0, 729.0, 501.0][Combi déjà faite[2.3821960059044045
[729.0, 501.0, 819.0, 591.0][729.0, 501.0, 819.0, 591.0][[[Meme cercle
[639.0, 591.0, 729.0, 681.0][549.0, 501.0, 639.0, 591.0][639.0, 411.0, 729.0, 501.0][909.0, 501.0, 999.0, 591.0][Nouvelle combi[8.442268670579438
[729.0, 501.0, 819.0, 591.0][999.0, 591.0, 1089.0, 681.0][909.0, 501.0, 999.0, 591.0][729.0, 501.0, 819.0, 591.0][Meme cercle
[639.0, 411.0, 729.0, 501.0][639.0, 231.0, 729.0, 321.0][549.0, 321.0, 639.0, 411.0][639.0, 411.0, 729.0, 501.0][Meme cercle
[729.0, 501.0, 819.0, 591.0][999.0, 591.0, 1089.0, 681.0][909.0, 501.0, 999.0, 591.0][729.0, 501.0, 819.0, 591.0]

Bonnes réponses=[ 11.00
Erreurs couleur:[ 0.00
Erreurs répétition:[ 18.00
Erreurs même cercle:[ 7.00
Erreurs à côté:[ 2.00
Erreurs totales:[27
Nombre de réponses:[38
Taux de réussite=[ 28.95
RTmoy reussi sec=[ 4.807
RTmoy deja fait sec=[ 4.620
RTmoy tot sec=[ 4.691
RTmax sec=[ 13.764
RTmin sec=[ 2.085

[Meme cercle
[639.0, 411.0, 729.0, 501.0]